5.443939,nan
5.444689,nan
5.445439,nan
5.446189,nan
5.446939,nan
5.447689,nan
5.448439,nan
5.449189,nan
5.449939,nan
5.450689,nan
5.451439,nan
5.452189,nan
5.452939,nan
5.453689,nan
5.454439,nan
5.455189,nan
5.455939,nan
5.456689,nan
5.457439,nan
5.458189,nan
5.458939,nan
5.459689,nan
5.460439,nan
5.461189,nan
5.461939,nan
5.462689,nan
5.463439,nan
5.464189,nan
5.464939,nan
5.465689,nan
5.466439,nan
5.467189,nan
5.467939,nan
5.468689,nan
5.469439,nan
5.470189,nan
5.470939,nan
5.471689,nan
5.472439,nan
5.473189,nan
5.473939,nan
5.474689,nan
5.475439,nan
5.476189,nan
5.476939,nan
5.477689,nan
5.478439,nan
5.479189,nan
5.479939,nan
5.480689,nan
5.481439,nan
5.482189,nan
5.482939,nan
5.483689,nan
5.484439,nan
5.485189,nan
5.485939,nan
5.486689,nan
5.487439,nan
5.488189,nan
5.488939,nan
5.489689,nan
5.490439,1604.069943
5.491189,1681.884283
5.491939,1797.849557
5.492689,1858.639329
5.493439,1934.940162
5.494189,2011.779788
5.494939,2158.559779
5.495689,2348.493049
5.496439,2448.750708
5.497189,2662.245523
5.497939,2936.023233
5.498689,3056.621989
5.499439,3076.741278
5.500189,3044.213167
5.500939,3017.376691
5.501689,2973.769710
5.502439,2954.912145
5.503189,2933.132602
5.503939,2918.812471
5.504689,2949.690176
5.505439,2937.433176
5.506189,2963.726575
5.506939,2930.293519
5.507689,2942.690382
5.508439,2954.766425
5.509189,2945.083928
5.509939,2952.408995
5.510689,2985.650015
5.511439,2996.851054
5.512189,3000.230359
5.512939,3007.106737
5.513689,3019.393655
5.514439,3025.095348
5.515189,3017.055489
5.515939,3021.156691
5.516689,3031.641663
5.517439,3034.857864
5.518189,3034.313990
5.518939,3035.049408
5.519689,3038.381003
5.520439,3039.212027
5.521189,3055.459260
5.521939,3064.505588
5.522689,3069.463780
5.523439,3084.919280
5.524189,3095.263723
5.524939,3109.602191
5.525689,3113.976537
5.526439,3110.064277
5.527189,3103.202426
5.527939,3097.254800
5.528689,3100.611576
5.529439,3111.048625
5.530189,3127.960125
5.530939,3147.120847
5.531689,3167.690941
5.532439,3177.925972
5.533189,3183.500361
5.533939,3177.983608
5.534689,3181.774258
5.535439,3188.342442
5.536189,3200.504224
5.536939,3225.620695
5.537689,3253.900387
5.538439,3261.808500
5.539189,3250.183004
5.539939,3234.711589
5.540689,3225.481967
5.541439,3218.213050
5.542189,3215.406728
5.542939,3202.087000
5.543689,3188.643669
5.544439,3173.370568
5.545189,3166.343711
5.545939,3157.027202
5.546689,3139.705865
5.547439,3120.789819
5.548189,3094.018644
5.548939,3066.467415
5.549689,3029.752313
5.550439,2975.127192
5.551189,2910.188912
5.551939,2869.615699
5.552689,2769.071453
5.553439,2740.085865
5.554189,2697.582138
5.554939,2579.324833
5.555689,2523.461094
5.556439,2329.786053
5.557189,1978.145668
5.557939,1971.505772
5.558689,1899.788531
5.559439,1836.449512
5.560189,1742.460535
5.560939,1709.335669
5.561689,1658.480818
5.562439,1638.601956
5.563189,1585.964044
5.563939,nan
5.564689,nan
5.565439,nan
5.566189,nan
5.566939,nan
5.567689,nan
5.568439,nan
5.569189,nan
5.569939,nan
5.570689,nan
5.571439,nan
5.572189,nan
5.572939,nan
5.573689,nan
5.574439,nan
5.575189,nan
5.575939,nan
5.576689,nan
5.577439,nan
5.578189,nan
5.578939,nan
5.579689,nan
5.580439,nan
5.581189,nan
5.581939,nan
5.582689,nan
5.583439,nan
5.584189,nan
5.584939,nan
5.585689,nan
5.586439,nan
5.587189,nan
5.587939,nan
5.588689,nan
5.589439,nan
5.590189,nan
5.590939,nan
5.591689,nan
5.592439,nan
5.593189,nan
5.593939,nan
5.594689,nan
5.595439,nan
5.596189,nan
5.596939,nan
5.597689,nan
5.598439,nan
5.599189,nan
5.599939,nan
5.600689,nan
5.601439,nan
5.602189,nan
5.602939,nan
5.603689,nan
5.604439,nan
5.605189,nan
5.605939,nan
5.606689,nan
5.607439,nan
5.608189,nan
5.608939,nan
5.609689,nan
5.610439,nan
5.611189,nan
5.611939,nan
5.612689,nan
5.613439,nan
5.614189,nan
5.614939,nan
5.615689,nan
5.616439,nan
5.617189,nan
5.617939,nan
5.618689,nan
5.619439,nan
5.620189,nan
5.620939,nan
5.621689,nan
5.622439,nan
5.623189,nan
5.623939,nan
5.624689,nan
5.625439,nan
5.626189,nan
5.626939,nan
5.627689,nan
5.628439,nan
5.629189,nan
5.629939,nan
5.630689,nan
5.631439,nan
5.632189,nan
5.632939,nan
5.633689,nan
5.634439,nan
5.635189,nan
5.635939,nan
5.636689,nan
5.637439,nan
5.638189,nan
5.638939,nan
5.639689,nan
5.640439,nan
5.641189,nan
5.641939,nan
5.642689,1539.263907
5.643439,1658.713035
5.644189,1727.304585
5.644939,1800.697517
5.645689,1842.608916
5.646439,1959.439191
5.647189,2122.580444
5.647939,2364.160433
5.648689,2415.168753
5.649439,2633.281871
5.650189,2847.860067
5.650939,2981.456199
5.651689,3012.801404
5.652439,2978.047178
5.653189,2968.410617
5.653939,2900.925754
5.654689,2850.801378
5.655439,2884.719442
5.656189,2898.393358
5.656939,2942.702117
5.657689,2950.099885
5.658439,2918.638801
5.659189,2933.145107
5.659939,2948.263209
5.660689,2953.746922
5.661439,2946.630067
5.662189,2936.194229
5.662939,2948.390084
5.663689,2949.431821
5.664439,2938.596967
5.665189,2952.041192
5.665939,2964.493432
5.666689,2966.254293
5.667439,2966.639578
5.668189,2970.756740
5.668939,2974.629989
5.669689,2972.097414
5.670439,2969.499757
5.671189,2983.698110
5.671939,3002.422383
5.672689,3005.929426
5.673439,3011.301706
5.674189,3010.228584
5.674939,3013.017153
5.675689,3010.342700
5.676439,3026.177795
5.677189,3027.773854
5.677939,3033.439968
5.678689,3031.039483
5.679439,3029.360644
5.680189,3024.393341
5.680939,3027.985587
5.681689,3035.498061
5.682439,3041.495605
5.683189,3046.356031
5.683939,3050.081092
5.684689,3048.100642
5.685439,3045.518449
5.686189,3033.753679
5.686939,3024.615577
5.687689,3016.498958
5.688439,3016.795013
5.689189,3020.327849
5.689939,3023.302934
5.690689,3028.575687
5.691439,3033.823580
5.692189,3032.873552
5.692939,3032.552179
5.693689,3028.133176
5.694439,3023.752220
5.695189,3020.069871
5.695939,3011.326416
5.696689,2999.502759
5.697439,2988.350746
5.698189,2983.041934
5.698939,2966.868334
5.699689,2952.482393
5.700439,2932.112466
5.701189,2913.804273
5.701939,2885.356999
5.702689,2851.506143
5.703439,2850.534721
5.704189,2812.723962
5.704939,2813.391412
5.705689,2824.551351
5.706439,2808.147116
5.707189,2753.840965
5.707939,2576.821935
5.708689,2327.256290
5.709439,2080.988502
5.710189,1935.545820
5.710939,1806.901583
5.711689,1724.596392
5.712439,1637.128796
5.713189,1537.058549
5.713939,1491.996945
5.714689,nan
5.715439,nan
5.716189,nan
5.716939,nan
5.717689,nan
5.718439,nan
5.719189,nan
5.719939,nan
5.720689,nan
5.721439,nan
5.722189,nan
5.722939,nan
5.723689,nan
5.724439,nan
5.725189,nan
5.725939,nan
5.726689,nan
5.727439,nan
5.728189,nan
5.728939,nan
5.729689,nan
5.730439,nan
5.731189,nan
5.731939,nan
5.732689,nan
5.733439,nan
5.734189,nan
5.734939,nan
5.735689,nan
5.736439,nan
5.737189,nan
5.737939,nan
5.738689,nan
5.739439,nan
5.740189,nan
5.740939,nan
5.741689,nan
5.742439,nan
5.743189,nan
5.743939,nan
5.744689,nan
5.745439,nan
5.746189,nan
5.746939,nan
5.747689,nan
5.748439,nan
5.749189,nan
5.749939,nan
5.750689,nan
5.751439,nan
5.752189,nan
5.752939,nan
5.753689,nan
5.754439,nan
5.755189,nan
5.755939,nan
5.756689,nan
5.757439,nan
5.758189,nan
5.758939,nan
5.759689,nan
5.760439,nan
5.761189,nan
5.761939,nan
5.762689,nan
5.763439,nan
5.764189,nan
5.764939,nan
5.765689,nan
5.766439,nan
5.767189,nan
5.767939,nan
5.768689,nan
5.769439,nan
5.770189,nan
5.770939,nan
5.771689,nan
5.772439,nan
5.773189,nan
5.773939,nan
5.774689,nan
5.775439,nan
5.776189,nan
5.776939,nan
5.777689,nan
5.778439,nan
5.779189,nan
5.779939,nan
5.780689,nan
5.781439,nan
5.782189,nan
5.782939,nan
5.783689,nan
5.784439,nan
5.785189,nan
5.785939,nan
5.786689,nan
5.787439,nan
5.788189,nan
5.788939,nan
5.789689,nan
5.790439,nan
5.791189,nan
5.791939,nan
5.792689,1361.214506
5.793439,1445.403558
5.794189,1629.408255
5.794939,1703.761463
5.795689,1749.857946
5.796439,1822.149516
5.797189,1948.590287
5.797939,2266.806999
5.798689,2324.929460
5.799439,2582.282475
5.800189,2825.196497
5.800939,2850.058346
5.801689,2897.180717
5.802439,2882.365228
5.803189,2832.261891
5.803939,2816.354657
5.804689,2854.668341
5.805439,2871.876516
5.806189,2864.763453
5.806939,2877.704220
5.807689,2852.910943
5.808439,2863.042510
5.809189,2877.001231
5.809939,2873.421604
5.810689,2877.688689
5.811439,2893.455226
5.812189,2888.676485
5.812939,2880.161404
5.813689,2878.094533
5.814439,2894.766898
5.815189,2905.448399
5.815939,2919.372834
5.816689,2921.613599
5.817439,2926.909677
5.818189,2928.130542
5.818939,2936.036499
5.819689,2945.032730
5.820439,2953.907699
5.821189,2965.714704
5.821939,2976.680108
5.822689,2974.485556
5.823439,2959.664968
5.824189,2954.194730
5.824939,2946.351498
5.825689,2947.475916
5.826439,2961.594464
5.827189,2989.413146
5.827939,3001.853676
5.828689,3021.723797
5.829439,3020.191691
5.830189,3014.584260
5.830939,3008.162077
5.831689,3004.403061
5.832439,2998.360159
5.833189,3000.152561
5.833939,3003.632185
5.834689,3012.809337
5.835439,3024.290229
5.836189,3022.910364
5.836939,3016.933817
5.837689,3009.354412
5.838439,3000.400282
5.839189,2991.798527
5.839939,2994.445450
5.840689,3001.927213
5.841439,3009.119682
5.842189,3013.694649
5.842939,3008.805043
5.843689,2994.437029
5.844439,2986.292383
5.845189,2972.644092
5.845939,2964.316300
5.846689,2964.047553
5.847439,2954.836604
5.848189,2943.817126
5.848939,2936.333414
5.849689,2924.435132
5.850439,2902.611752
5.851189,2868.105172
5.851939,2871.351628
5.852689,2875.942509
5.853439,2864.891293
5.854189,2854.990425
5.854939,2831.993073
5.855689,2787.999089
5.856439,2676.019186
5.857189,2632.589979
5.857939,2645.058873
5.858689,2595.091195
5.859439,1953.877444
5.860189,1857.243260
5.860939,1722.633654
5.861689,1677.152923
5.862439,1538.058193
5.863189,1507.687127
5.863939,nan
5.864689,nan
5.865439,nan
5.866189,nan
5.866939,nan
5.867689,nan
5.868439,nan
5.869189,nan
5.869939,nan
5.870689,nan
5.871439,nan
5.872189,nan
5.872939,nan
5.873689,nan
5.874439,nan
5.875189,nan
5.875939,nan
5.876689,nan
5.877439,nan
5.878189,nan
5.878939,nan
5.879689,nan
5.880439,nan
5.881189,nan
5.881939,nan
5.882689,nan
5.883439,nan
5.884189,nan
5.884939,nan
5.885689,nan
5.886439,nan
5.887189,nan
5.887939,nan
5.888689,nan
5.889439,nan
5.890189,nan
5.890939,nan
5.891689,nan
5.892439,nan
5.893189,nan
5.893939,nan
5.894689,nan
5.895439,nan
5.896189,nan
5.896939,nan
5.897689,nan
5.898439,nan
5.899189,nan
5.899939,nan
5.900689,nan
5.901439,nan
5.902189,nan
5.902939,nan
5.903689,nan
5.904439,nan
5.905189,nan
5.905939,nan
5.906689,nan
5.907439,nan
5.908189,nan
5.908939,nan
5.909689,nan
5.910439,nan
5.911189,nan
5.911939,nan
5.912689,nan
5.913439,nan
5.914189,nan
5.914939,nan
5.915689,nan
5.916439,nan
5.917189,nan
5.917939,nan
5.918689,nan
5.919439,nan
5.920189,nan
5.920939,nan
5.921689,nan
5.922439,nan
5.923189,nan
5.923939,nan
5.924689,nan
5.925439,nan
5.926189,nan
5.926939,nan
5.927689,nan
5.928439,nan
5.929189,nan
5.929939,nan
5.930689,nan
5.931439,nan
5.932189,nan
5.932939,nan
5.933689,nan
5.934439,nan
5.935189,nan
5.935939,nan
5.936689,nan
5.937439,nan
5.938189,nan
5.938939,nan
5.939689,1640.397355
5.940439,1680.368992
5.941189,1705.100918
5.941939,1828.051655
5.942689,2141.532724
5.943439,2153.140404
5.944189,2700.541968
5.944939,2827.269092
5.945689,2800.795913
5.946439,2851.177603
5.947189,2861.146736
5.947939,2823.719661
5.948689,2802.020912
5.949439,2826.255487
5.950189,2847.371256
5.950939,2854.947086
5.951689,2855.681953
5.952439,2844.080730
5.953189,2852.000292
5.953939,2854.895912
5.954689,2854.169404
5.955439,2871.594456
5.956189,2873.938396
5.956939,2889.757555
5.957689,2878.219206
5.958439,2884.145226
5.959189,2884.151134
5.959939,2892.642247
5.960689,2913.644924
5.961439,2909.969089
5.962189,2912.416901
5.962939,2912.152664
5.963689,2910.311626
5.964439,2913.636024
5.965189,2915.112847
5.965939,2925.552325
5.966689,2941.468156
5.967439,2965.073039
5.968189,2962.825133
5.968939,2941.151177
5.969689,2946.916760
5.970439,2944.690754
5.971189,2945.817842
5.971939,2958.658818
5.972689,2962.756321
5.973439,2979.695304
5.974189,2981.674820
5.974939,2983.315371
5.975689,2997.080143
5.976439,2998.919419
5.977189,2991.138439
5.977939,2988.133059
5.978689,2982.394241
5.979439,2984.932700
5.980189,2991.453088
5.980939,2998.195845
5.981689,3006.195509
5.982439,3015.229680
5.983189,3014.350955
5.983939,3012.502809
5.984689,3012.349757
5.985439,3007.222920
5.986189,3008.569745
5.986939,3011.543348
5.987689,3010.356781
5.988439,3007.649147
5.989189,2999.977326
5.989939,2986.599390
5.990689,2975.649216
5.991439,2959.188712
5.992189,2947.933791
5.992939,2941.227755
5.993689,2921.659886
5.994439,2905.533448
5.995189,2897.068586
5.995939,2883.423416
5.996689,2842.361530
5.997439,2857.505733
5.998189,2865.909426
5.998939,2842.656423
5.999689,2821.537267
6.000439,2780.143700
6.001189,2690.452670
6.001939,2640.201932
6.002689,2647.100584
6.003439,2580.076511
6.004189,2048.145424
6.004939,2025.429054
6.005689,1847.646288
6.006439,1616.751672
6.007189,1596.403881
6.007939,1597.110504
6.008689,1487.759627
6.009439,nan
6.010189,nan
6.010939,nan
6.011689,nan
6.012439,nan
6.013189,nan
6.013939,nan
6.014689,nan
6.015439,nan
6.016189,nan
6.016939,nan
6.017689,nan
6.018439,nan
6.019189,nan
6.019939,nan
6.020689,nan
6.021439,nan
6.022189,nan
6.022939,nan
6.023689,nan
6.024439,nan
6.025189,nan
6.025939,nan
6.026689,nan
6.027439,nan
6.028189,nan
6.028939,nan
6.029689,nan
6.030439,nan
6.031189,nan
6.031939,nan
6.032689,nan
6.033439,nan
6.034189,nan
6.034939,nan
6.035689,nan
6.036439,nan
6.037189,nan
6.037939,nan
6.038689,nan
6.039439,nan
6.040189,nan
6.040939,nan
6.041689,nan
6.042439,nan
6.043189,nan
6.043939,nan
6.044689,nan
6.045439,nan
6.046189,nan
6.046939,nan
6.047689,nan
6.048439,nan
6.049189,nan
6.049939,nan
6.050689,nan
6.051439,nan
6.052189,nan
6.052939,nan
6.053689,nan
6.054439,nan
6.055189,nan
6.055939,nan
6.056689,nan
6.057439,nan
6.058189,nan
6.058939,nan
6.059689,nan
6.060439,nan
6.061189,nan
6.061939,nan
6.062689,nan
6.063439,nan
6.064189,nan
6.064939,nan
6.065689,nan
6.066439,nan
6.067189,nan
6.067939,nan
6.068689,nan
6.069439,nan
6.070189,nan
6.070939,nan
6.071689,nan
6.072439,nan
6.073189,nan
6.073939,nan
6.074689,nan
6.075439,nan
6.076189,nan
6.076939,nan
6.077689,nan
6.078439,nan
6.079189,nan
6.079939,nan
6.080689,nan
6.081439,nan
6.082189,nan
6.082939,nan
6.083689,nan
6.084439,nan
6.085189,nan
6.085939,1399.128866
6.086689,1535.674186
6.087439,1670.130745
6.088189,1693.013383
6.088939,1757.054805
6.089689,1976.496517
6.090439,2176.349555
6.091189,2266.438097
6.091939,2763.538019
6.092689,2810.820265
6.093439,2829.764685
6.094189,2871.347239
6.094939,2846.159053
6.095689,2804.051136
6.096439,2809.712016
6.097189,2835.597138
6.097939,2856.184102
6.098689,2852.795357
6.099439,2856.547331
6.100189,2848.319663
6.100939,2867.818433
6.101689,2859.139664
6.102439,2866.207687
6.103189,2860.250154
6.103939,2878.229266
6.104689,2873.815363
6.105439,2877.056814
6.106189,2882.661109
6.106939,2876.444953
6.107689,2880.678968
6.108439,2892.664282
6.109189,2902.664424
6.109939,2910.709356
6.110689,2907.586052
6.111439,2908.866913
6.112189,2914.196568
6.112939,2925.585051
6.113689,2935.298303
6.114439,2941.821303
6.115189,2942.179749
6.115939,2947.127981
6.116689,2955.814686
6.117439,2966.513272
6.118189,2963.864053
6.118939,2963.747813
6.119689,2959.256764
6.120439,2965.006633
6.121189,2969.231691
6.121939,2977.313158
6.122689,2986.668860
6.123439,2999.931224
6.124189,3008.840834
6.124939,3004.515629
6.125689,3000.191735
6.126439,2992.250337
6.127189,2988.629422
6.127939,2984.484550
6.128689,2983.174958
6.129439,2983.864504
6.130189,2985.845059
6.130939,2983.912104
6.131689,2984.290747
6.132439,2975.094997
6.133189,2975.649899
6.133939,2969.658457
6.134689,2962.042839
6.135439,2958.841134
6.136189,2952.940658
6.136939,2944.058941
6.137689,2937.707236
6.138439,2919.575057
6.139189,2909.123065
6.139939,2903.859076
6.140689,2896.586212
6.141439,2891.665372
6.142189,2883.975945
6.142939,2875.540998
6.143689,2858.771075
6.144439,2831.779037
6.145189,2787.928277
6.145939,2739.439172
6.146689,2737.079236
6.147439,2740.144068
6.148189,2705.610513
6.148939,2587.405054
6.149689,2460.052524
6.150439,1459.174845
6.151189,nan
6.151939,nan
6.152689,nan
6.153439,nan
6.154189,nan
6.154939,nan
6.155689,nan
6.156439,nan
6.157189,nan
6.157939,nan
6.158689,nan
6.159439,nan
6.160189,nan
6.160939,nan
6.161689,nan
6.162439,nan
6.163189,nan
6.163939,nan
6.164689,nan
6.165439,nan
6.166189,nan
6.166939,nan
6.167689,nan
6.168439,nan
6.169189,nan
6.169939,nan
6.170689,nan
6.171439,nan
6.172189,nan
6.172939,nan
6.173689,nan
6.174439,nan
6.175189,nan
6.175939,nan
6.176689,nan
6.177439,nan
6.178189,nan
6.178939,nan
6.179689,nan
6.180439,nan
6.181189,nan
6.181939,nan
6.182689,nan
6.183439,nan
6.184189,nan
6.184939,nan
6.185689,nan
6.186439,nan
6.187189,nan
6.187939,nan
6.188689,nan
6.189439,nan
6.190189,nan
6.190939,nan
6.191689,nan
6.192439,nan
6.193189,nan
6.193939,nan
6.194689,nan
6.195439,nan
6.196189,nan
6.196939,nan
6.197689,nan
6.198439,nan
6.199189,nan
6.199939,nan
6.200689,nan
6.201439,nan
6.202189,nan
6.202939,nan
6.203689,nan
6.204439,nan
6.205189,nan
6.205939,nan
6.206689,nan
6.207439,nan
6.208189,nan
6.208939,nan
6.209689,nan
6.210439,nan
6.211189,nan
6.211939,nan
6.212689,nan
6.213439,nan
6.214189,nan
6.214939,nan
6.215689,nan
6.216439,nan
6.217189,nan
6.217939,nan
6.218689,nan
6.219439,nan
6.220189,nan
6.220939,nan
6.221689,nan
6.222439,nan
6.223189,nan
6.223939,nan
6.224689,nan
6.225439,nan
6.226189,nan
6.226939,nan
6.227689,nan
6.228439,nan
6.229189,nan
6.229939,nan
6.230689,nan
6.231439,nan
6.232189,nan
6.232939,nan
6.233689,nan
6.234439,1654.424876
6.235189,1671.975033
6.235939,1724.776533
6.236689,1786.044012
6.237439,1898.810741
6.238189,2189.221954
6.238939,2673.484768
6.239689,2760.745955
6.240439,2810.909519
6.241189,2824.813196
6.241939,2819.621157
6.242689,2782.271294
6.243439,2791.844279
6.244189,2816.211285
6.244939,2831.250632
6.245689,2834.547671
6.246439,2831.635615
6.247189,2827.851617
6.247939,2838.996787
6.248689,2816.174911
6.249439,2853.947217
6.250189,2847.092148
6.250939,2855.308261
6.251689,2853.703416
6.252439,2861.447494
6.253189,2863.885572
6.253939,2872.623636
6.254689,2876.073261
6.255439,2872.569618
6.256189,2871.008382
6.256939,2888.651631
6.257689,2896.981026
6.258439,2892.327417
6.259189,2892.160950
6.259939,2898.595178
6.260689,2900.918189
6.261439,2903.399324
6.262189,2911.659570
6.262939,2909.497704
6.263689,2913.847582
6.264439,2921.728684
6.265189,2924.049073
6.265939,2925.389867
6.266689,2932.304758
6.267439,2945.183816
6.268189,2965.198151
6.268939,2966.648721
6.269689,2951.009046
6.270439,2942.746774
6.271189,2934.895568
6.271939,2937.208637
6.272689,2951.827853
6.273439,2963.948985
6.274189,2972.357337
6.274939,2975.443638
6.275689,2980.949102
6.276439,2990.198488
6.277189,2990.663521
6.277939,2991.712859
6.278689,2993.625296
6.279439,2986.696416
6.280189,2982.312203
6.280939,2979.687902
6.281689,2970.286018
6.282439,2962.993608
6.283189,2954.340010
6.283939,2929.727370
6.284689,2911.731902
6.285439,2892.247402
6.286189,2880.494145
6.286939,2874.340166
6.287689,2877.496986
6.288439,2865.752084
6.289189,2840.074810
6.289939,2807.468455
6.290689,2748.068444
6.291439,2680.788988
6.292189,2688.917930
6.292939,2687.250731
6.293689,2611.185790
6.294439,2442.835241
6.295189,2477.082464
6.295939,1426.347479
6.296689,1835.680367
6.297439,1721.339494
6.298189,1614.059239
6.298939,1582.734794
6.299689,1513.381034
6.300439,1494.992263
6.301189,nan
6.301939,nan
6.302689,nan
6.303439,nan
6.304189,nan
6.304939,nan
6.305689,nan
6.306439,nan
6.307189,nan
6.307939,nan
6.308689,nan
6.309439,nan
6.310189,nan
6.310939,nan
6.311689,nan
6.312439,nan
6.313189,nan
6.313939,nan
6.314689,nan
6.315439,nan
6.316189,nan
6.316939,nan
6.317689,nan
6.318439,nan
6.319189,nan
6.319939,nan
6.320689,nan
6.321439,nan
6.322189,nan
6.322939,nan
6.323689,nan
6.324439,nan
6.325189,nan
6.325939,nan
6.326689,nan
6.327439,nan
6.328189,nan
6.328939,nan
6.329689,nan
6.330439,nan
6.331189,nan
6.331939,nan
6.332689,nan
6.333439,nan
6.334189,nan
6.334939,nan
6.335689,nan
6.336439,nan
6.337189,nan
6.337939,nan
6.338689,nan
6.339439,nan
6.340189,nan
6.340939,nan
6.341689,nan
6.342439,nan
6.343189,nan
6.343939,nan
6.344689,nan
6.345439,nan
6.346189,nan
6.346939,nan
6.347689,nan
6.348439,nan
6.349189,nan
6.349939,nan
6.350689,nan
6.351439,nan
6.352189,nan
6.352939,nan
6.353689,nan
6.354439,nan
6.355189,nan
6.355939,nan
6.356689,nan
6.357439,nan
6.358189,nan
6.358939,nan
6.359689,nan
6.360439,nan
6.361189,nan
6.361939,nan
6.362689,nan
6.363439,nan
6.364189,nan
6.364939,nan
6.365689,nan
6.366439,nan
6.367189,nan
6.367939,nan
6.368689,nan
6.369439,nan
6.370189,nan
6.370939,nan
6.371689,nan
6.372439,nan
6.373189,nan
6.373939,nan
6.374689,nan
6.375439,nan
6.376189,nan
6.376939,nan
6.377689,nan
6.378439,nan
6.379189,nan
6.379939,1659.652624
6.380689,1685.359007
6.381439,1715.284086
6.382189,2125.869551
6.382939,2215.923859
6.383689,2483.883603
6.384439,2751.430591
6.385189,2788.506044
6.385939,2802.177683
6.386689,2818.892938
6.387439,2799.590624
6.388189,2796.774841
6.388939,2803.595431
6.389689,2813.210345
6.390439,2835.923337
6.391189,2812.145496
6.391939,2810.119279
6.392689,2821.132626
6.393439,2804.483890
6.394189,2828.643088
6.394939,2864.956286
6.395689,2846.645840
6.396439,2855.664191
6.397189,2861.483682
6.397939,2854.482754
6.398689,2846.983292
6.399439,2850.332490
6.400189,2856.849584
6.400939,2863.059527
6.401689,2874.553216
6.402439,2877.203109
6.403189,2887.013703
6.403939,2899.749094
6.404689,2904.688151
6.405439,2901.090872
6.406189,2898.260586
6.406939,2901.854659
6.407689,2908.765496
6.408439,2918.772758
6.409189,2936.760323
6.409939,2945.260980
6.410689,2951.697179
6.411439,2955.115246
6.412189,2956.714089
6.412939,2964.580615
6.413689,2975.632817
6.414439,2961.629700
6.415189,2954.026986
6.415939,2950.708613
6.416689,2943.923050
6.417439,2950.192461
6.418189,2973.452342
6.418939,2999.494668
6.419689,3024.346353
6.420439,3042.731493
6.421189,3041.616165
6.421939,3041.620656
6.422689,3051.003444
6.423439,3060.964968
6.424189,3073.331631
6.424939,3087.573006
6.425689,3087.011903
6.426439,3069.890242
6.427189,3051.726842
6.427939,3029.464785
6.428689,2994.895181
6.429439,2964.190455
6.430189,2940.607848
6.430939,2922.901523
6.431689,2918.295372
6.432439,2892.901687
6.433189,2845.662276
6.433939,2813.839403
6.434689,2812.859617
6.435439,2810.948206
6.436189,2769.301581
6.436939,2687.705843
6.437689,2666.345805
6.438439,2601.820490
6.439189,2450.952739
6.439939,1513.474802
6.440689,nan
6.441439,nan
6.442189,nan
6.442939,nan
6.443689,nan
6.444439,nan
6.445189,nan
6.445939,nan
6.446689,nan
6.447439,nan
6.448189,nan
6.448939,nan
6.449689,nan
6.450439,nan
6.451189,nan
6.451939,nan
6.452689,nan
6.453439,nan
6.454189,nan
6.454939,nan
6.455689,nan
6.456439,nan
6.457189,nan
6.457939,nan
6.458689,nan
6.459439,nan
6.460189,nan
6.460939,nan
6.461689,nan
6.462439,nan
