1.166650000000001020e-02,1.865044065999999930e+03
1.249950000000001060e-02,1.902951160999999956e+03
1.333250000000000754e-02,1.945768111999999974e+03
1.416650000000000895e-02,1.942996304999999893e+03
1.499950000000000935e-02,1.810557293999999956e+03
1.583250000000000976e-02,1.663952250999999933e+03
1.666650000000000770e-02,1.736202166999999918e+03
1.749950000000000810e-02,1.798633045000000038e+03
1.833250000000000851e-02,1.845804785000000038e+03
1.916650000000000992e-02,1.888513177000000042e+03
1.999950000000001032e-02,1.933113448000000062e+03
2.083250000000001073e-02,1.960140891000000011e+03
2.166650000000000867e-02,1.974923622999999907e+03
2.249950000000000908e-02,1.981086915999999974e+03
2.333250000000000601e-02,2.010449108000000024e+03
2.416650000000000742e-02,2.056919901000000209e+03
2.499950000000000783e-02,2.038156388999999990e+03
2.583250000000000823e-02,2.028937413000000106e+03
2.666650000000000964e-02,2.065715963999999985e+03
2.749950000000001005e-02,2.025312093000000004e+03
2.833250000000001045e-02,2.015848676999999952e+03
2.916650000000001186e-02,2.017204167999999981e+03
2.999950000000001227e-02,2.077873005999999805e+03
3.083250000000000574e-02,2.235240411000000222e+03
3.166650000000000714e-02,2.206060346000000209e+03
3.249950000000000755e-02,2.114991195999999945e+03
3.333250000000000796e-02,2.136478595999999925e+03
3.416650000000000936e-02,2.115346203000000060e+03
3.499950000000000977e-02,2.258011542000000190e+03
3.583250000000001018e-02,2.424119169000000056e+03
3.666650000000001158e-02,2.365794504999999845e+03
3.749950000000001199e-02,2.396209476999999879e+03
3.833250000000001240e-02,2.404671174000000065e+03
3.916650000000000686e-02,2.369006922000000031e+03
3.999950000000000727e-02,2.449164686999999958e+03
4.083250000000000768e-02,2.469926676000000043e+03
4.166650000000000909e-02,2.517034174999999777e+03
4.249950000000000949e-02,2.497049919999999929e+03
4.333250000000000990e-02,2.458816065999999864e+03
4.416650000000001131e-02,2.496140254999999797e+03
4.499950000000001171e-02,2.516119361000000026e+03
4.583250000000001212e-02,2.505631984000000102e+03
4.666650000000000659e-02,2.534135145000000193e+03
4.749950000000000699e-02,2.557730973000000176e+03
4.833250000000000740e-02,2.552982161999999789e+03
4.916650000000000881e-02,2.557199775999999929e+03
4.999950000000000921e-02,2.554096634999999878e+03
5.083250000000000962e-02,2.565885017999999945e+03
5.166650000000001103e-02,2.576425212999999985e+03
5.249950000000001143e-02,2.579600241000000096e+03
5.333250000000001184e-02,2.611659471999999823e+03
5.416650000000000631e-02,2.657079823000000033e+03
5.499950000000000672e-02,2.698368973999999980e+03
5.583250000000000712e-02,2.763700079000000187e+03
5.666650000000000853e-02,2.815121160000000145e+03
5.749950000000000894e-02,2.945076899000000139e+03
5.833250000000000934e-02,3.163203915999999936e+03
5.916650000000001075e-02,3.280176695999999993e+03
5.999950000000001116e-02,3.299684581999999864e+03
6.083250000000001156e-02,3.381521826000000146e+03
7.249950000000000838e-02,nan
7.249950000000000838e-02,4.323114663999999721e+03
7.333350000000000979e-02,4.280983737999999903e+03
7.416650000000001020e-02,2.367772153999999773e+03
7.499950000000001060e-02,2.548942723999999998e+03
7.583350000000001201e-02,2.575647488000000067e+03
7.666650000000001242e-02,2.449588196000000153e+03
7.749950000000001282e-02,2.336264590000000226e+03
7.833350000000001423e-02,2.372163803999999800e+03
7.916650000000001464e-02,2.363806121000000076e+03
7.999950000000001504e-02,2.343513441000000057e+03
8.083350000000000257e-02,2.320239876999999979e+03
8.166650000000000298e-02,2.335981714000000011e+03
8.249950000000000339e-02,2.366636481000000003e+03
8.333350000000000479e-02,2.358257000000000062e+03
8.416650000000000520e-02,2.384376643999999942e+03
8.499950000000000561e-02,2.390955728999999792e+03
8.583350000000000701e-02,2.393337915999999950e+03
8.666650000000000742e-02,2.388016610000000128e+03
8.749950000000000783e-02,2.417851724999999988e+03
8.833350000000000923e-02,2.426301135000000158e+03
8.916650000000000964e-02,2.425870064000000184e+03
8.999950000000001005e-02,2.446062268000000131e+03
9.083350000000001145e-02,2.460946770000000015e+03
9.166650000000001186e-02,2.460834914000000026e+03
9.249950000000001227e-02,2.456217136000000210e+03
9.333350000000001367e-02,2.460815874999999778e+03
9.416650000000001408e-02,2.479947549999999865e+03
9.499950000000001449e-02,2.505087438999999904e+03
9.583350000000001589e-02,2.492398139999999785e+03
9.666650000000000242e-02,2.493973934000000099e+03
9.749950000000000283e-02,2.499147706000000198e+03
9.833350000000000424e-02,2.504047743000000082e+03
9.916650000000000464e-02,2.507498621000000185e+03
9.999950000000000505e-02,2.509923372000000199e+03
1.008335000000000065e-01,2.495828460000000177e+03
1.016665000000000069e-01,2.499980528000000049e+03
1.024995000000000073e-01,2.526218902000000071e+03
1.033335000000000087e-01,2.513782233999999789e+03
1.041665000000000091e-01,2.515240029999999933e+03
1.049995000000000095e-01,2.523571663000000171e+03
1.058335000000000109e-01,2.515697521000000052e+03
1.066665000000000113e-01,2.525129270999999790e+03
1.074995000000000117e-01,2.542443170999999893e+03
1.083335000000000131e-01,2.562059010999999828e+03
1.091665000000000135e-01,2.559417257000000063e+03
1.099995000000000139e-01,2.601632046000000173e+03
1.108335000000000153e-01,2.624240235000000212e+03
1.116665000000000157e-01,2.656364739000000100e+03
1.124995000000000023e-01,2.683532317000000148e+03
1.133335000000000037e-01,2.790045860000000175e+03
1.141665000000000041e-01,2.938843573000000106e+03
1.149995000000000045e-01,3.048238907999999810e+03
1.158335000000000059e-01,3.134878233999999793e+03
1.166665000000000063e-01,3.096567901999999776e+03
1.174995000000000067e-01,3.154942222000000129e+03
1.183335000000000081e-01,3.171077283999999963e+03
1.191665000000000085e-01,3.198163050000000112e+03
1.199995000000000367e-01,3.205689813999999842e+03
1.208334999999999826e-01,3.195522742999999991e+03
1.216665000000000108e-01,3.131069390999999996e+03
1.224994999999999834e-01,3.007266128000000208e+03
1.233334999999999848e-01,2.890173870999999963e+03
1.241665000000000130e-01,2.722574645000000146e+03
1.249994999999999856e-01,2.560757458999999926e+03
1.258334999999999870e-01,2.456800886999999875e+03
1.266665000000000152e-01,2.404644283000000087e+03
1.274994999999999878e-01,2.376031688000000031e+03
1.283334999999999892e-01,2.359077556000000186e+03
1.291665000000000174e-01,2.346265918000000056e+03
1.299994999999999901e-01,2.333726149000000078e+03
1.308334999999999915e-01,2.318034732999999960e+03
1.316665000000000196e-01,2.313001161000000138e+03
1.324994999999999923e-01,2.275506011999999828e+03
1.333334999999999937e-01,2.262973558000000139e+03
1.341665000000000219e-01,2.251348315000000184e+03
1.349994999999999945e-01,2.240927440999999817e+03
1.358334999999999959e-01,2.233943814000000202e+03
1.366665000000000241e-01,2.202550033999999869e+03
1.374994999999999967e-01,2.144491830999999820e+03
1.383334999999999981e-01,2.106402539000000161e+03
1.391665000000000263e-01,2.092151867999999922e+03
1.399994999999999989e-01,9.463471580000000358e+02
1.408335000000000004e-01,9.270563939999999548e+02
1.416665000000000285e-01,9.021539309999999432e+02
1.424995000000000012e-01,1.079775509000000056e+03
1.433335000000000026e-01,1.063185183000000052e+03
1.441665000000000307e-01,1.117107944000000089e+03
1.449995000000000034e-01,1.021854913000000010e+03
1.458335000000000048e-01,9.577319069999999783e+02
1.466665000000000330e-01,1.005217271999999980e+03
1.474995000000000056e-01,1.004597569000000021e+03
1.483335000000000070e-01,1.122627089999999953e+03
