2.041700000000000459e-02,1.054897944999999936e+03
2.125000000000000500e-02,1.084577898000000005e+03
2.208300000000000540e-02,1.190760549000000083e+03
2.291700000000000681e-02,1.258151391999999987e+03
2.375000000000000722e-02,1.305627097000000049e+03
2.458300000000000762e-02,1.410145334999999932e+03
2.541700000000000209e-02,1.494160167000000001e+03
2.625000000000000250e-02,1.570891395999999986e+03
2.708300000000000290e-02,1.613262696999999889e+03
2.791700000000000431e-02,1.663516718999999966e+03
2.875000000000000472e-02,1.702088891000000103e+03
2.958300000000000513e-02,1.763533732999999984e+03
3.041700000000000653e-02,1.871022087000000056e+03
3.125000000000000694e-02,1.912722827000000052e+03
3.208300000000000735e-02,1.957164854000000105e+03
3.291700000000000181e-02,2.009060705999999982e+03
3.375000000000000222e-02,2.060575155999999879e+03
3.458300000000000263e-02,2.096044480000000021e+03
3.541700000000000403e-02,2.134774354000000130e+03
3.625000000000000444e-02,2.175034960999999839e+03
3.708300000000000485e-02,2.212272082999999839e+03
3.791700000000000625e-02,2.263762818000000152e+03
3.875000000000000666e-02,2.314045853999999963e+03
3.958300000000000707e-02,2.348327197999999953e+03
4.041700000000000847e-02,2.383424662999999782e+03
4.125000000000000194e-02,2.405796034999999847e+03
4.208300000000000235e-02,2.418491422000000057e+03
4.291700000000000376e-02,2.440379649999999856e+03
4.375000000000000416e-02,2.464310706000000209e+03
4.458300000000000457e-02,2.480801249999999982e+03
4.541700000000000598e-02,2.514549629000000095e+03
4.625000000000000638e-02,2.537749522999999954e+03
4.708300000000000679e-02,2.570891251999999895e+03
4.791700000000000820e-02,2.634327971000000161e+03
4.875000000000000860e-02,2.678592211000000134e+03
4.958300000000000901e-02,2.748083086000000094e+03
5.041700000000001042e-02,2.831950147999999899e+03
6.208300000000000624e-02,nan
6.208300000000000624e-02,3.307809683999999834e+03
6.291700000000000070e-02,3.287561471999999867e+03
6.375000000000000111e-02,3.208476439999999911e+03
6.458300000000000152e-02,2.698172198000000208e+03
6.541700000000000292e-02,2.504023239000000103e+03
6.625000000000000333e-02,2.502501193999999941e+03
6.708300000000000374e-02,2.487463759000000209e+03
6.791700000000000514e-02,2.520365623000000141e+03
6.875000000000000555e-02,2.530977018999999927e+03
6.958300000000000596e-02,2.500992612000000008e+03
7.041700000000000736e-02,2.509960571999999956e+03
7.125000000000000777e-02,2.532780468999999812e+03
7.208300000000000818e-02,2.534934541999999965e+03
7.291700000000000959e-02,2.531730758000000151e+03
7.375000000000000999e-02,2.551443392000000131e+03
7.458300000000001040e-02,2.579823996999999963e+03
7.541700000000001181e-02,2.594082905000000210e+03
7.625000000000001221e-02,2.579307534000000032e+03
7.708300000000001262e-02,2.573311713000000054e+03
7.791700000000001403e-02,2.579704605999999785e+03
7.875000000000001443e-02,2.581016081000000213e+03
7.958300000000001484e-02,2.568302853000000141e+03
8.041700000000001625e-02,2.573049258000000009e+03
8.125000000000001665e-02,2.587952416999999969e+03
8.208300000000001706e-02,2.603649225000000115e+03
8.291700000000000459e-02,2.606964809999999943e+03
8.375000000000000500e-02,2.613055876999999782e+03
8.458299999999999153e-02,2.616747246999999788e+03
8.541699999999999293e-02,2.621615218999999797e+03
8.624999999999999334e-02,2.629567421000000195e+03
8.708299999999999375e-02,2.643708219000000099e+03
8.791699999999999515e-02,2.666086001000000124e+03
8.874999999999999556e-02,2.695837896000000001e+03
8.958299999999999597e-02,2.775619958000000224e+03
9.041699999999999737e-02,2.889184579000000213e+03
9.124999999999999778e-02,3.121409428999999818e+03
9.208299999999999819e-02,3.258433672000000115e+03
9.291699999999999959e-02,3.265320305000000189e+03
9.375000000000000000e-02,3.192573632000000089e+03
9.458300000000000041e-02,3.272237548000000061e+03
9.541700000000000181e-02,3.232807851000000028e+03
9.625000000000000222e-02,3.212076631999999790e+03
9.708300000000000263e-02,3.266737219000000096e+03
9.791700000000000403e-02,3.372220650000000205e+03
9.875000000000000444e-02,3.562847834000000148e+03
9.958300000000000485e-02,3.611411105000000134e+03
1.004169999999999924e-01,3.496113989999999831e+03
1.012499999999999928e-01,3.457235005000000001e+03
1.020829999999999932e-01,3.619770359000000099e+03
1.029169999999999946e-01,3.455546409999999923e+03
1.037499999999999950e-01,3.330353469000000132e+03
1.045829999999999954e-01,3.272998335000000225e+03
1.054169999999999968e-01,3.120403633999999784e+03
1.062499999999999972e-01,2.757580547000000024e+03
1.070829999999999976e-01,2.697101885000000038e+03
1.079169999999999990e-01,2.666794794999999795e+03
1.087499999999999994e-01,2.644672472000000198e+03
1.095829999999999999e-01,2.607776460000000043e+03
1.104170000000000013e-01,2.522486690000000181e+03
1.112500000000000017e-01,2.520788824000000204e+03
1.120830000000000021e-01,2.530222932000000128e+03
1.129170000000000035e-01,2.520809456999999838e+03
1.137500000000000039e-01,2.597704717999999957e+03
1.145830000000000043e-01,2.545136491000000206e+03
1.154170000000000057e-01,2.529305823000000146e+03
1.162500000000000061e-01,2.486633762999999817e+03
1.170830000000000065e-01,2.530939807000000201e+03
1.179170000000000079e-01,2.500144509000000198e+03
1.187500000000000083e-01,2.463479475999999977e+03
1.195830000000000087e-01,2.396201134999999795e+03
1.204170000000000101e-01,2.399094172999999955e+03
1.212500000000000105e-01,2.463537734000000000e+03
1.220830000000000110e-01,2.353987924999999905e+03
1.229169999999999846e-01,2.219368766999999934e+03
1.237499999999999850e-01,2.133178307000000132e+03
1.245829999999999854e-01,2.136375746000000163e+03
1.254170000000000007e-01,2.054054068999999799e+03
1.262499999999999734e-01,2.017767796999999973e+03
1.270830000000000015e-01,1.997763674999999921e+03
1.279170000000000029e-01,1.958530948999999964e+03
1.287499999999999756e-01,1.929638061000000107e+03
1.295830000000000037e-01,1.893592431000000033e+03
1.304170000000000051e-01,1.821944052999999940e+03
1.312499999999999778e-01,1.638920249000000013e+03
1.320830000000000060e-01,1.655434342999999899e+03
1.329170000000000074e-01,1.508290312999999969e+03
1.337499999999999800e-01,1.299722549999999956e+03
1.345830000000000082e-01,1.290059191999999939e+03
1.354170000000000096e-01,1.290641681000000062e+03
1.362499999999999822e-01,1.314772206999999980e+03
1.370830000000000104e-01,1.307023564000000079e+03
1.379170000000000118e-01,1.298642489999999952e+03
1.387499999999999845e-01,1.279834262000000081e+03
1.395830000000000126e-01,1.266937198999999964e+03
