2.862500000000000461e-02,1.311000000000000000e+03
3.162500000000000727e-02,1.635377371000000039e+03
3.237500000000000794e-02,1.721415862999999945e+03
3.312500000000000860e-02,1.799232709000000114e+03
3.387500000000000927e-02,1.860758904999999913e+03
3.462500000000000300e-02,1.922342791999999918e+03
3.537500000000000366e-02,1.976412642999999889e+03
3.612500000000000433e-02,2.041356825999999955e+03
3.687500000000000500e-02,2.134387851999999839e+03
3.762500000000000566e-02,2.197964370000000145e+03
3.837500000000000633e-02,2.213457117999999809e+03
3.912500000000000699e-02,2.229179134999999860e+03
3.987500000000000766e-02,2.248264091999999891e+03
4.062500000000000833e-02,2.254017500999999811e+03
4.137500000000000899e-02,2.256287467000000106e+03
4.212500000000000966e-02,2.266890535000000000e+03
4.287500000000000339e-02,2.278323627000000215e+03
4.362500000000000405e-02,2.283228427999999894e+03
4.437500000000000472e-02,2.272399086999999781e+03
4.512500000000000538e-02,2.284562503000000106e+03
4.587500000000000605e-02,2.284695991000000049e+03
4.662500000000000672e-02,2.298071861999999783e+03
4.737500000000000738e-02,2.298999831000000086e+03
4.812500000000000805e-02,2.285001925999999912e+03
4.887500000000000872e-02,2.298658080000000155e+03
4.962500000000000938e-02,2.283256487999999990e+03
5.037500000000001005e-02,2.298694427999999789e+03
5.112500000000001071e-02,2.307763117999999849e+03
5.187500000000001138e-02,2.308350941000000148e+03
5.262500000000001205e-02,2.315911750000000211e+03
5.337500000000001271e-02,2.336651640000000043e+03
5.412499999999999950e-02,2.330374416000000110e+03
5.487500000000000017e-02,2.327555706000000100e+03
5.562500000000000083e-02,2.329454734999999800e+03
5.637500000000000150e-02,2.334199694999999792e+03
5.712500000000000216e-02,2.351919514000000163e+03
5.787500000000000283e-02,2.351745029000000159e+03
5.862500000000000350e-02,2.362812369000000217e+03
5.937500000000000416e-02,2.371788519000000178e+03
6.012500000000000483e-02,2.377505211000000145e+03
6.087500000000000550e-02,2.420194891000000098e+03
6.162500000000000616e-02,2.395204456999999820e+03
6.237500000000000683e-02,2.381597232999999960e+03
6.312500000000001443e-02,2.402499261999999817e+03
6.387500000000001510e-02,2.394285624000000098e+03
6.462500000000001577e-02,2.413689232000000175e+03
6.537500000000001643e-02,2.421438705999999911e+03
6.612500000000001710e-02,2.439562880999999834e+03
6.687500000000001776e-02,2.435828363000000081e+03
6.762500000000001843e-02,2.441160938999999871e+03
6.837500000000001910e-02,2.525587125000000015e+03
6.912500000000001976e-02,2.513911739000000125e+03
6.987499999999999267e-02,2.562631503000000066e+03
7.062499999999999334e-02,2.593647292999999991e+03
7.137499999999999400e-02,2.595108986000000186e+03
7.212499999999999467e-02,2.613334812999999940e+03
7.287499999999999534e-02,2.630368745000000217e+03
7.362499999999999600e-02,2.616422789000000193e+03
7.662499999999999867e-02,3.458000000000000000e+03
8.037500000000000200e-02,nan
8.037500000000000200e-02,2.275711827000000085e+03
8.112500000000000266e-02,2.164135929999999917e+03
8.187500000000000333e-02,2.115936816999999792e+03
8.262500000000000400e-02,2.024795327999999927e+03
8.337500000000000466e-02,1.878037080999999944e+03
8.412500000000000533e-02,1.808785804000000098e+03
8.487500000000000600e-02,1.753000874999999951e+03
8.562500000000000666e-02,1.755937795999999935e+03
8.637500000000000733e-02,1.776446048000000019e+03
8.712500000000000799e-02,1.769402593000000024e+03
8.787500000000000866e-02,1.786564845999999989e+03
8.862500000000000933e-02,1.793527626000000055e+03
8.937500000000000999e-02,1.816516047999999955e+03
9.012500000000001066e-02,1.814311026999999967e+03
9.087500000000001132e-02,1.831107320000000072e+03
9.162500000000001199e-02,1.855400411999999960e+03
9.237500000000001266e-02,1.880575968000000103e+03
9.312500000000001332e-02,1.893210014000000001e+03
9.387500000000001399e-02,1.914062083999999913e+03
9.462500000000001465e-02,1.924101542000000109e+03
9.537500000000001532e-02,1.947276133999999956e+03
9.612500000000001599e-02,1.961469278999999915e+03
9.687500000000001665e-02,1.990263359999999921e+03
9.762500000000001732e-02,2.009390490000000000e+03
9.837500000000001799e-02,2.010485685000000103e+03
9.912500000000001865e-02,2.027628875999999991e+03
9.987500000000001932e-02,2.052773740000000089e+03
1.006250000000000200e-01,2.079449263999999857e+03
1.013749999999999929e-01,2.111435179999999946e+03
1.021249999999999936e-01,2.132513762000000042e+03
1.028749999999999942e-01,2.161892980999999963e+03
1.036249999999999949e-01,2.182104230999999800e+03
1.043749999999999956e-01,2.187016592999999830e+03
1.051249999999999962e-01,2.193117677000000185e+03
1.058749999999999969e-01,2.208543572999999924e+03
1.066249999999999976e-01,2.200706666000000041e+03
1.073749999999999982e-01,2.208000349999999798e+03
1.081249999999999989e-01,2.214644600999999966e+03
1.088749999999999996e-01,2.238446644999999990e+03
1.096250000000000002e-01,2.258652134999999817e+03
1.103750000000000009e-01,2.271490514999999959e+03
1.111250000000000016e-01,2.311249812000000020e+03
1.118750000000000022e-01,2.307545578000000205e+03
1.126250000000000029e-01,2.323495253000000048e+03
1.133750000000000036e-01,2.330714508000000023e+03
1.141250000000000042e-01,2.347967757999999776e+03
1.148750000000000049e-01,2.344318210999999792e+03
1.156250000000000056e-01,2.330837493999999879e+03
1.163750000000000062e-01,2.368447517999999945e+03
1.171250000000000069e-01,2.345535507000000052e+03
1.178750000000000075e-01,2.334353759999999966e+03
1.186250000000000082e-01,2.329681829000000107e+03
1.193750000000000089e-01,2.316003156000000217e+03
1.201250000000000095e-01,2.308228349999999864e+03
1.208750000000000102e-01,2.301211695999999847e+03
1.216250000000000109e-01,2.276792097000000012e+03
1.223750000000000115e-01,2.229204698999999891e+03
1.231250000000000122e-01,2.188029750000000149e+03
1.238750000000000129e-01,2.126118104000000130e+03
1.246249999999999858e-01,2.043379032999999936e+03
1.253749999999999865e-01,2.003084405999999944e+03
1.261249999999999871e-01,1.920791926999999987e+03
1.268749999999999878e-01,1.905000000000000000e+03
1.276249999999999885e-01,1.873000000000000000e+03
1.283749999999999891e-01,1.801000000000000000e+03
1.291249999999999898e-01,1.747000000000000000e+03
1.298749999999999905e-01,1.631000000000000000e+03
1.306249999999999911e-01,1.203000000000000000e+03
1.313749999999999918e-01,1.106000000000000000e+03
