3.049999999999999933e-02,1.305354876999999988e+03
3.125000000000000000e-02,1.382784607000000051e+03
3.200000000000000067e-02,1.446436717999999928e+03
3.275000000000000133e-02,1.547803376999999955e+03
3.350000000000000200e-02,1.612862896000000092e+03
3.425000000000000266e-02,1.663452316000000110e+03
3.500000000000000333e-02,1.710265632000000096e+03
3.574999999999999706e-02,1.737827579999999898e+03
3.649999999999999772e-02,1.761446566000000075e+03
3.724999999999999839e-02,1.805936259000000064e+03
3.799999999999999906e-02,1.868496527999999898e+03
3.874999999999999972e-02,1.875966654000000062e+03
3.950000000000000039e-02,1.882117428000000018e+03
4.025000000000000105e-02,1.915524339999999938e+03
4.100000000000000172e-02,1.931572006000000101e+03
4.175000000000000239e-02,1.934025257999999894e+03
4.250000000000000305e-02,1.945365559999999959e+03
4.325000000000000372e-02,1.945499804999999924e+03
4.399999999999999745e-02,1.947895164000000022e+03
4.474999999999999811e-02,1.950141480000000001e+03
4.549999999999999878e-02,1.952127899999999954e+03
4.624999999999999944e-02,1.952930790999999999e+03
4.700000000000000011e-02,1.955656138999999939e+03
4.774999999999999384e-02,1.956067610000000059e+03
4.849999999999999450e-02,1.966679949000000079e+03
4.924999999999999517e-02,1.967759817999999996e+03
4.999999999999999584e-02,1.970158785000000080e+03
5.074999999999999650e-02,1.971169454999999971e+03
5.149999999999999717e-02,1.969158721000000014e+03
5.224999999999999784e-02,1.978031854000000067e+03
5.299999999999999850e-02,1.976793409999999994e+03
5.374999999999999917e-02,1.974258051999999907e+03
5.449999999999999983e-02,1.987273639999999887e+03
5.525000000000000050e-02,1.996559158999999909e+03
5.600000000000000117e-02,2.005798041999999896e+03
5.675000000000000183e-02,2.023973197000000027e+03
5.750000000000000250e-02,2.043178018999999949e+03
5.825000000000000316e-02,2.059350641999999880e+03
5.900000000000000383e-02,2.069201059999999870e+03
5.975000000000000450e-02,2.076918637000000217e+03
6.050000000000000516e-02,2.084798405999999886e+03
6.125000000000000583e-02,2.100118649000000005e+03
6.200000000000000649e-02,2.130194457999999941e+03
6.275000000000000022e-02,2.148289975000000140e+03
6.350000000000000089e-02,2.142273936999999933e+03
6.425000000000000155e-02,2.149697313000000122e+03
6.500000000000000222e-02,2.172314828999999918e+03
6.575000000000000289e-02,2.179564715999999862e+03
6.650000000000000355e-02,2.193763096000000132e+03
6.725000000000000422e-02,2.232075460000000021e+03
6.800000000000000488e-02,2.258583063000000038e+03
6.875000000000000555e-02,2.291771061999999802e+03
6.950000000000000622e-02,2.321489626999999928e+03
7.025000000000000688e-02,2.372822706999999809e+03
7.100000000000000755e-02,2.363557878000000073e+03
7.175000000000000822e-02,2.426535386999999901e+03
7.250000000000000888e-02,2.429570886999999857e+03
7.325000000000000955e-02,2.443033788000000186e+03
7.400000000000001021e-02,2.471026954999999816e+03
7.475000000000001088e-02,2.500558196999999836e+03
7.550000000000001155e-02,2.504972141000000192e+03
7.625000000000001221e-02,2.468472194999999829e+03
7.700000000000001288e-02,2.429603086000000076e+03
7.775000000000001354e-02,3.198725872359999812e+03
8.674999999999999378e-02,nan
8.674999999999999378e-02,2.992849900000000162e+03
8.749999999999999445e-02,1.947249094000000014e+03
8.824999999999999512e-02,1.895101871000000074e+03
8.899999999999999578e-02,1.791192418999999973e+03
8.974999999999999645e-02,1.787345786999999973e+03
9.049999999999999711e-02,1.755616506999999956e+03
9.124999999999999778e-02,1.765733975999999984e+03
9.199999999999999845e-02,1.793370932000000039e+03
9.274999999999999911e-02,1.796365729000000101e+03
9.349999999999999978e-02,1.807921025999999983e+03
9.425000000000000044e-02,1.830376115999999911e+03
9.499999999999998723e-02,1.837931831000000102e+03
9.574999999999998790e-02,1.837118686000000025e+03
9.649999999999998856e-02,1.867502312999999958e+03
9.724999999999998923e-02,1.886186807000000044e+03
9.799999999999998990e-02,1.919581515999999965e+03
9.874999999999999056e-02,1.931456312999999909e+03
9.949999999999999123e-02,1.943927930999999944e+03
1.002499999999999919e-01,1.959096430999999939e+03
1.009999999999999926e-01,1.976601695000000063e+03
1.017499999999999932e-01,2.001029796000000033e+03
1.024999999999999939e-01,2.015528888999999936e+03
1.032499999999999946e-01,2.039710673000000043e+03
1.039999999999999952e-01,2.048186646999999994e+03
1.047499999999999959e-01,2.069735901999999896e+03
1.054999999999999966e-01,2.084092177999999876e+03
1.062499999999999972e-01,2.091495973999999933e+03
1.069999999999999979e-01,2.094936204999999973e+03
1.077499999999999986e-01,2.110301476000000093e+03
1.084999999999999992e-01,2.131616983999999775e+03
1.092499999999999999e-01,2.118352163999999902e+03
1.099999999999999867e-01,2.125055543999999827e+03
1.107499999999999873e-01,2.132448130000000219e+03
1.114999999999999880e-01,2.126115088000000014e+03
1.122499999999999887e-01,2.105059623000000101e+03
1.129999999999999893e-01,2.094747322000000167e+03
1.137499999999999900e-01,2.080482204999999794e+03
1.144999999999999907e-01,2.074031671000000188e+03
1.152499999999999913e-01,2.071948065999999926e+03
1.159999999999999920e-01,2.048975188999999773e+03
1.167499999999999927e-01,2.031985351000000037e+03
1.174999999999999933e-01,2.030350320000000011e+03
1.182499999999999940e-01,2.024733519999999999e+03
1.189999999999999947e-01,2.022214480999999978e+03
1.197499999999999953e-01,2.016494343999999955e+03
1.204999999999999960e-01,2.006922927000000072e+03
1.212499999999999967e-01,1.978335117999999966e+03
1.219999999999999973e-01,1.922675498000000061e+03
1.227499999999999980e-01,1.872734654999999975e+03
1.234999999999999987e-01,1.889535464000000047e+03
1.242499999999999993e-01,1.803460784999999987e+03
1.250000000000000000e-01,1.725726989000000003e+03
1.257500000000000007e-01,1.679821341000000075e+03
1.265000000000000013e-01,1.647292907999999898e+03
1.272500000000000020e-01,1.497335000000000036e+03
1.280000000000000027e-01,1.447066021000000092e+03
1.287500000000000033e-01,1.389711207999999942e+03
1.295000000000000040e-01,1.349038551000000098e+03
