3.066050000000000025e-02,1.594411481999999978e+03
3.119650000000000201e-02,1.660011635000000069e+03
3.173250000000000376e-02,1.684947402999999895e+03
3.226749999999999757e-02,1.748717223000000104e+03
3.280349999999999933e-02,1.783687267999999904e+03
3.333950000000000108e-02,1.818526384000000007e+03
3.387450000000000183e-02,1.869810179999999946e+03
3.441050000000000358e-02,1.906260512000000062e+03
3.494649999999999840e-02,1.930226511999999957e+03
3.548250000000000015e-02,1.959116346000000021e+03
3.601750000000000090e-02,1.988385042000000112e+03
3.655350000000000266e-02,2.027095851999999923e+03
3.708949999999999747e-02,2.059962140000000090e+03
3.762449999999999822e-02,2.091305232000000160e+03
3.816049999999999998e-02,2.099805616999999984e+03
3.869650000000000173e-02,2.119597319999999854e+03
3.923250000000000348e-02,2.131226995999999872e+03
3.976749999999999730e-02,2.141258363999999801e+03
4.030349999999999905e-02,2.144918239000000085e+03
4.083950000000000080e-02,2.134639427999999953e+03
4.137450000000000155e-02,2.146119404999999915e+03
4.191050000000000331e-02,2.140527673999999934e+03
4.244649999999999812e-02,2.144083434000000125e+03
4.298249999999999987e-02,2.150133181000000150e+03
4.351750000000000063e-02,2.154524781999999959e+03
4.405350000000000238e-02,2.161163731000000098e+03
4.458950000000000413e-02,2.168749033999999938e+03
4.512449999999999795e-02,2.164270465999999942e+03
4.566049999999999970e-02,2.168133204000000205e+03
4.619650000000000145e-02,2.199611354000000119e+03
4.673250000000000320e-02,2.199136663000000226e+03
4.726749999999999702e-02,2.188518497000000025e+03
4.780350000000000571e-02,2.182540210000000116e+03
4.833950000000000052e-02,2.186843346000000111e+03
4.887449999999999434e-02,2.194712936999999783e+03
4.941050000000000303e-02,2.198276139000000057e+03
4.994649999999999784e-02,2.196329892000000200e+03
5.048250000000000653e-02,2.189324874999999793e+03
5.101750000000000035e-02,2.187078791999999794e+03
5.155349999999999516e-02,2.202638155999999981e+03
5.208950000000000385e-02,2.220870911999999862e+03
5.262449999999999767e-02,2.220063330999999835e+03
5.316050000000000636e-02,2.219450009000000136e+03
5.369650000000000117e-02,2.229949493999999959e+03
5.423249999999999599e-02,2.238794700999999804e+03
5.476750000000000368e-02,2.241851201999999830e+03
5.530349999999999849e-02,2.243252923999999894e+03
5.583950000000000718e-02,2.282904755000000023e+03
5.637450000000000100e-02,2.281669389000000137e+03
5.691049999999999581e-02,2.262157901999999922e+03
5.744650000000000450e-02,2.253530454000000191e+03
5.798249999999999932e-02,2.254049446999999873e+03
5.851750000000000701e-02,2.272619959000000108e+03
5.905350000000000182e-02,2.284014431000000059e+03
5.958949999999999664e-02,2.295639615000000049e+03
6.012450000000000433e-02,2.341611769000000095e+03
6.066049999999999914e-02,2.363616509999999835e+03
6.119649999999999396e-02,2.342272855000000163e+03
6.173250000000000265e-02,2.330845589999999902e+03
6.226749999999999646e-02,2.334127524999999878e+03
6.280350000000001209e-02,2.354892667000000074e+03
6.333949999999999303e-02,2.386668704000000162e+03
6.387450000000000072e-02,2.415431066999999985e+03
6.441050000000000941e-02,2.449858108999999786e+03
6.494649999999999035e-02,2.447099865000000136e+03
6.548249999999999904e-02,2.481015674000000217e+03
6.601750000000000673e-02,2.523765773999999965e+03
6.655349999999998767e-02,2.462135784999999942e+03
6.708949999999999636e-02,2.529863138000000163e+03
6.976750000000001006e-02,3.429000000000000000e+03
7.833950000000000635e-02,nan
7.833950000000000635e-02,2.275711827000000085e+03
7.908950000000000702e-02,2.164135929999999917e+03
7.983950000000000768e-02,2.115936816999999792e+03
8.058950000000000835e-02,2.024795327999999927e+03
8.133950000000000902e-02,1.878037080999999944e+03
8.208950000000000968e-02,1.808785804000000098e+03
8.283950000000001035e-02,1.753000874999999951e+03
8.358950000000001102e-02,1.755937795999999935e+03
8.433950000000001168e-02,1.776446048000000019e+03
8.508950000000001235e-02,1.769402593000000024e+03
8.583950000000001301e-02,1.786564845999999989e+03
8.658950000000001368e-02,1.793527626000000055e+03
8.733950000000001435e-02,1.816516047999999955e+03
8.808949999999998726e-02,1.814311026999999967e+03
8.883949999999998792e-02,1.831107320000000072e+03
8.958949999999998859e-02,1.855400411999999960e+03
9.033949999999998925e-02,1.880575968000000103e+03
9.108949999999998992e-02,1.893210014000000001e+03
9.183949999999999059e-02,1.914062083999999913e+03
9.258949999999999125e-02,1.924101542000000109e+03
9.333949999999999192e-02,1.947276133999999956e+03
9.408949999999999259e-02,1.961469278999999915e+03
9.483949999999999325e-02,1.990263359999999921e+03
9.558949999999999392e-02,2.009390490000000000e+03
9.633949999999999458e-02,2.010485685000000103e+03
9.708949999999999525e-02,2.027628875999999991e+03
9.783949999999999592e-02,2.052773740000000089e+03
9.858949999999999658e-02,2.079449263999999857e+03
9.933949999999999725e-02,2.111435179999999946e+03
1.000894999999999979e-01,2.132513762000000042e+03
1.008394999999999986e-01,2.161892980999999963e+03
1.015894999999999992e-01,2.182104230999999800e+03
1.023394999999999999e-01,2.187016592999999830e+03
1.030895000000000006e-01,2.193117677000000185e+03
1.038395000000000012e-01,2.208543572999999924e+03
1.045895000000000019e-01,2.200706666000000041e+03
1.053395000000000026e-01,2.208000349999999798e+03
1.060895000000000032e-01,2.214644600999999966e+03
1.068395000000000039e-01,2.238446644999999990e+03
1.075895000000000046e-01,2.258652134999999817e+03
1.083395000000000052e-01,2.271490514999999959e+03
1.090895000000000059e-01,2.311249812000000020e+03
1.098395000000000066e-01,2.307545578000000205e+03
1.105895000000000072e-01,2.323495253000000048e+03
1.113394999999999802e-01,2.330714508000000023e+03
1.120894999999999808e-01,2.347967757999999776e+03
1.128394999999999815e-01,2.344318210999999792e+03
1.135894999999999821e-01,2.330837493999999879e+03
1.143394999999999828e-01,2.368447517999999945e+03
1.150894999999999835e-01,2.345535507000000052e+03
1.158394999999999841e-01,2.334353759999999966e+03
1.165894999999999848e-01,2.329681829000000107e+03
1.173394999999999855e-01,2.316003156000000217e+03
1.180894999999999861e-01,2.308228349999999864e+03
1.188394999999999868e-01,2.301211695999999847e+03
1.195894999999999875e-01,2.276792097000000012e+03
1.203394999999999881e-01,2.229204698999999891e+03
1.210894999999999888e-01,2.188029750000000149e+03
1.218394999999999895e-01,2.126118104000000130e+03
1.225894999999999901e-01,2.043379032999999936e+03
1.233394999999999908e-01,2.003084405999999944e+03
1.240894999999999915e-01,1.920791926999999987e+03
1.248394999999999921e-01,1.905000000000000000e+03
1.255894999999999928e-01,1.873000000000000000e+03
1.263394999999999935e-01,1.801000000000000000e+03
1.270894999999999941e-01,1.747000000000000000e+03
1.278394999999999948e-01,1.631000000000000000e+03
1.285894999999999955e-01,1.203000000000000000e+03
1.293394999999999961e-01,1.106000000000000000e+03
