7.426500000000002544e-03,1.801453825999999935e+03
7.868500000000003963e-03,1.787454580000000078e+03
8.309500000000000913e-03,1.901687204000000065e+03
8.750500000000001333e-03,1.885788197999999966e+03
9.191500000000001752e-03,1.908540786000000026e+03
9.632500000000002172e-03,1.996105806000000030e+03
1.095650000000000096e-02,2.174000000000000000e+03
1.183850000000000180e-02,2.247000000000000000e+03
1.404450000000000143e-02,2.293000000000000000e+03
1.801550000000000373e-02,2.353000000000000000e+03
2.286849999999999994e-02,2.432000000000000000e+03
2.419150000000000467e-02,2.498000000000000000e+03
3.213250000000000134e-02,2.557000000000000000e+03
3.433850000000000097e-02,2.623000000000000000e+03
3.566249999999999976e-02,2.881000000000000000e+03
3.610350000000000364e-02,nan
3.654450000000000059e-02,nan
3.698550000000000448e-02,nan
3.742650000000000143e-02,nan
3.786849999999999938e-02,nan
3.830950000000000327e-02,nan
3.875050000000000022e-02,nan
3.919150000000000411e-02,nan
3.963250000000000106e-02,nan
4.007350000000000495e-02,nan
4.051550000000000290e-02,nan
4.095649999999999985e-02,nan
4.139750000000000374e-02,nan
4.183850000000000069e-02,nan
4.227950000000000458e-02,nan
4.272150000000000253e-02,nan
4.316249999999999948e-02,nan
4.360350000000000337e-02,nan
4.404450000000000032e-02,nan
4.448550000000000421e-02,nan
4.492650000000000116e-02,nan
4.536849999999999911e-02,nan
4.580950000000000299e-02,nan
4.625049999999999994e-02,nan
4.669150000000000383e-02,nan
4.713250000000000078e-02,nan
4.757350000000000467e-02,nan
4.801550000000000262e-02,nan
4.845649999999999957e-02,nan
4.889750000000000346e-02,nan
4.933850000000000041e-02,nan
4.977950000000000430e-02,nan
5.022150000000000225e-02,nan
5.066249999999999920e-02,nan
5.110349999999999615e-02,nan
5.154450000000000698e-02,nan
5.198550000000000393e-02,2.828000000000000000e+03
5.286849999999999883e-02,2.650000000000000000e+03
5.419150000000000356e-02,2.597000000000000000e+03
5.683850000000000013e-02,2.551000000000000000e+03
5.727949999999999708e-02,2.597000000000000000e+03
6.080950000000000244e-02,2.703000000000000000e+03
6.433850000000000680e-02,2.881000000000000000e+03
6.522150000000000170e-02,3.053000000000000000e+03
6.566249999999999865e-02,nan
6.610349999999999560e-02,nan
6.654450000000000642e-02,nan
6.698550000000000337e-02,nan
6.742650000000000032e-02,nan
6.786849999999999827e-02,nan
6.830950000000000910e-02,nan
6.875050000000000605e-02,nan
6.919150000000000300e-02,nan
6.963249999999999995e-02,nan
7.007349999999999690e-02,nan
7.051550000000000873e-02,nan
7.095650000000000568e-02,nan
7.139750000000000263e-02,nan
7.183849999999999958e-02,nan
7.227949999999999653e-02,nan
7.272150000000000836e-02,nan
7.316250000000000531e-02,nan
7.360350000000000226e-02,nan
7.404449999999999921e-02,nan
7.448549999999999616e-02,nan
7.492650000000000698e-02,nan
7.536850000000000493e-02,nan
7.580950000000000188e-02,nan
7.625049999999999883e-02,nan
7.669149999999999578e-02,nan
7.713250000000000661e-02,nan
7.713250000000000661e-02,nan
7.713250000000000661e-02,nan
7.757350000000000356e-02,3.086000000000000000e+03
7.801550000000000151e-02,2.927500000000000000e+03
7.845649999999999846e-02,2.689500000000000000e+03
7.933850000000000624e-02,2.557500000000000000e+03
8.022050000000000014e-02,2.498000000000000000e+03
8.154450000000000587e-02,2.458500000000000000e+03
8.242649999999999977e-02,2.432000000000000000e+03
8.330950000000000855e-02,2.439000000000000000e+03
8.551550000000000817e-02,2.452000000000000000e+03
8.639750000000000207e-02,2.478500000000000000e+03
8.727949999999999597e-02,2.491500000000000000e+03
8.860350000000000170e-02,2.511500000000000000e+03
9.036850000000000438e-02,2.538000000000000000e+03
9.080950000000000133e-02,2.551000000000000000e+03
9.169150000000000911e-02,2.564500000000000000e+03
9.257350000000000301e-02,2.577500000000000000e+03
9.433850000000000569e-02,2.610500000000000000e+03
9.522049999999999959e-02,2.689500000000000000e+03
9.654450000000000531e-02,2.907500000000000000e+03
9.698550000000000226e-02,nan
9.742649999999999921e-02,nan
9.786849999999999716e-02,nan
9.830950000000000799e-02,nan
9.875050000000000494e-02,nan
9.919150000000000189e-02,nan
9.963249999999999884e-02,nan
1.000734999999999958e-01,nan
1.005155000000000076e-01,nan
1.009565000000000046e-01,nan
1.013975000000000015e-01,nan
1.018384999999999985e-01,nan
1.022794999999999954e-01,nan
1.027205000000000062e-01,nan
1.031625000000000042e-01,nan
1.036035000000000011e-01,nan
1.040444999999999981e-01,nan
1.044855000000000089e-01,nan
1.049265000000000059e-01,nan
1.053685000000000038e-01,nan
1.058095000000000008e-01,nan
1.062504999999999977e-01,nan
1.075735000000000025e-01,2.914000000000000000e+03
1.093385000000000051e-01,2.874500000000000000e+03
1.102204999999999990e-01,2.716000000000000000e+03
1.133095000000000074e-01,2.584000000000000000e+03
1.146324999999999983e-01,2.419000000000000000e+03
1.163975000000000148e-01,2.425500000000000000e+03
1.190444999999999975e-01,2.445500000000000000e+03
1.225735000000000019e-01,2.478500000000000000e+03
1.252205000000000124e-01,2.491500000000000000e+03
1.274264999999999981e-01,2.551000000000000000e+03
1.305155000000000065e-01,2.623500000000000000e+03
1.318384999999999974e-01,2.855000000000000000e+03
1.327204999999999913e-01,3.165000000000000000e+03
1.331624999999999892e-01,nan
1.336035000000000139e-01,nan
1.340445000000000109e-01,nan
1.344855000000000078e-01,nan
1.349265000000000048e-01,nan
1.353685000000000027e-01,nan
1.358094999999999997e-01,nan
1.362504999999999966e-01,nan
1.366914999999999936e-01,nan
1.371324999999999905e-01,nan
1.375735000000000152e-01,nan
1.380155000000000132e-01,nan
1.384565000000000101e-01,nan
1.388975000000000071e-01,nan
1.393385000000000040e-01,nan
1.397795000000000010e-01,nan
1.402204999999999979e-01,nan
1.406624999999999959e-01,nan
1.411034999999999928e-01,nan
1.415444999999999898e-01,3.152000000000000000e+03
1.424265000000000114e-01,2.874500000000000000e+03
1.446324999999999972e-01,2.643500000000000000e+03
1.455154999999999921e-01,2.406000000000000000e+03
1.477205000000000046e-01,2.201000000000000000e+03
1.512505000000000099e-01,2.029500000000000000e+03
1.525735000000000008e-01,1.798500000000000000e+03
