-2.720500000000000695e-03,1.760500000000000000e+03
-1.837500000000000591e-03,1.804500000000000000e+03
-9.555000000000006197e-04,1.892500000000000000e+03
-5.145000000000002002e-04,1.965500000000000000e+03
-7.350000000000064815e-05,2.060000000000000000e+03
2.132499999999998980e-03,2.112500000000000000e+03
3.456499999999999503e-03,2.186000000000000000e+03
6.103499999999999551e-03,2.259000000000000000e+03
7.867499999999999494e-03,2.274000000000000000e+03
9.191499999999998283e-03,2.274000000000000000e+03
1.139749999999999791e-02,2.273500000000000000e+03
1.404449999999999796e-02,2.269500000000000000e+03
1.757349999999999884e-02,2.259000000000000000e+03
1.933849999999999805e-02,2.288500000000000000e+03
2.110350000000000073e-02,2.327500000000000000e+03
2.330950000000000036e-02,2.362000000000000000e+03
2.727950000000000166e-02,2.435500000000000000e+03
2.904450000000000087e-02,2.523500000000000000e+03
2.992650000000000171e-02,2.963500000000000000e+03
3.036750000000000560e-02,nan
3.080950000000000355e-02,nan
3.125050000000000050e-02,nan
3.169150000000000439e-02,nan
3.213250000000000134e-02,nan
3.257350000000000523e-02,nan
3.301550000000000318e-02,nan
3.345650000000000013e-02,nan
3.389750000000000402e-02,nan
3.433850000000000097e-02,nan
3.477950000000000486e-02,nan
3.522050000000000181e-02,nan
3.566249999999999976e-02,nan
3.610350000000000364e-02,nan
3.654450000000000059e-02,nan
3.698550000000000448e-02,nan
3.742650000000000143e-02,nan
3.786750000000000532e-02,nan
3.830950000000000327e-02,nan
3.875050000000000022e-02,nan
3.919150000000000411e-02,nan
3.963250000000000106e-02,nan
4.007350000000000495e-02,nan
4.051550000000000290e-02,nan
4.095649999999999985e-02,2.934000000000000000e+03
4.139750000000000374e-02,2.552500000000000000e+03
4.183850000000000069e-02,2.362000000000000000e+03
4.227950000000000458e-02,2.288500000000000000e+03
4.272050000000000153e-02,2.374000000000000000e+03
4.492650000000000116e-02,2.230000000000000000e+03
4.536750000000000504e-02,2.259000000000000000e+03
4.801550000000000262e-02,2.318000000000000000e+03
4.933850000000000041e-02,2.420500000000000000e+03
4.977950000000000430e-02,2.963500000000000000e+03
5.022050000000000125e-02,nan
5.066250000000000614e-02,nan
5.110350000000000309e-02,nan
5.154450000000000004e-02,nan
5.198550000000000393e-02,nan
5.242650000000000088e-02,nan
5.286750000000000477e-02,nan
5.330950000000000272e-02,nan
5.375049999999999967e-02,nan
5.419150000000000356e-02,nan
5.463250000000000051e-02,nan
5.507349999999999746e-02,nan
5.551550000000000928e-02,nan
5.595650000000000623e-02,nan
5.639750000000000318e-02,nan
5.683850000000000013e-02,nan
5.727949999999999708e-02,nan
5.772050000000000791e-02,nan
5.816250000000000586e-02,nan
5.860350000000000281e-02,nan
5.904449999999999976e-02,nan
5.948549999999999671e-02,nan
5.992650000000000754e-02,nan
6.036750000000000449e-02,nan
6.080950000000000244e-02,nan
6.125049999999999939e-02,nan
6.169149999999999634e-02,nan
6.213250000000000717e-02,nan
6.257350000000000412e-02,nan
6.301550000000000207e-02,nan
6.345649999999999902e-02,nan
6.389750000000000985e-02,nan
6.433850000000000680e-02,nan
6.477950000000000375e-02,nan
6.522050000000000070e-02,nan
6.566249999999999865e-02,nan
6.610350000000000947e-02,nan
6.654450000000000642e-02,nan
6.698550000000000337e-02,nan
6.742650000000000032e-02,nan
6.786749999999999727e-02,nan
6.830950000000000910e-02,nan
6.875050000000000605e-02,nan
6.919150000000000300e-02,nan
6.963249999999999995e-02,nan
7.007349999999999690e-02,nan
7.051550000000000873e-02,nan
7.095650000000000568e-02,nan
7.139750000000000263e-02,nan
7.183849999999999958e-02,nan
7.227949999999999653e-02,nan
7.227949999999999653e-02,nan
7.227949999999999653e-02,nan
7.272050000000000736e-02,2.934000000000000000e+03
7.360350000000000226e-02,2.709000000000000000e+03
7.448550000000001003e-02,2.485000000000000000e+03
7.492650000000000698e-02,2.392000000000000000e+03
7.757350000000000356e-02,2.379000000000000000e+03
7.801450000000000051e-02,2.379000000000000000e+03
7.845649999999999846e-02,2.379000000000000000e+03
8.154450000000000587e-02,2.392000000000000000e+03
8.551450000000000717e-02,2.445000000000000000e+03
8.816150000000000375e-02,2.498000000000000000e+03
8.992650000000000643e-02,2.577000000000000000e+03
9.169150000000000911e-02,2.828000000000000000e+03
9.213250000000000606e-02,nan
9.257350000000000301e-02,nan
9.301449999999999996e-02,nan
9.345649999999999791e-02,nan
9.389750000000000874e-02,nan
9.433850000000000569e-02,nan
9.477950000000000264e-02,nan
9.522049999999999959e-02,nan
9.566149999999999654e-02,nan
9.610350000000000836e-02,nan
9.654450000000000531e-02,nan
9.698550000000000226e-02,nan
9.742649999999999921e-02,nan
9.786749999999999616e-02,nan
9.830950000000000799e-02,nan
9.875050000000000494e-02,nan
9.919150000000000189e-02,nan
9.963249999999999884e-02,nan
1.000735000000000097e-01,nan
1.005145000000000066e-01,nan
1.009565000000000046e-01,nan
1.013975000000000015e-01,nan
1.018384999999999985e-01,nan
1.022795000000000093e-01,nan
1.027205000000000062e-01,nan
1.031615000000000032e-01,nan
1.036035000000000011e-01,nan
1.040444999999999981e-01,nan
1.044855000000000089e-01,2.841000000000000000e+03
1.049265000000000059e-01,2.623000000000000000e+03
1.058095000000000008e-01,2.518000000000000000e+03
1.080144999999999994e-01,2.412000000000000000e+03
1.084564999999999974e-01,2.412000000000000000e+03
1.088975000000000082e-01,2.412000000000000000e+03
1.093385000000000051e-01,2.412000000000000000e+03
1.097795000000000021e-01,2.412000000000000000e+03
1.102204999999999990e-01,2.412000000000000000e+03
1.106615000000000099e-01,2.412000000000000000e+03
1.111035000000000078e-01,2.412000000000000000e+03
1.115445000000000048e-01,2.412000000000000000e+03
1.119855000000000017e-01,2.412000000000000000e+03
1.124264999999999987e-01,2.412000000000000000e+03
1.128675000000000095e-01,2.419000000000000000e+03
1.163975000000000010e-01,2.425000000000000000e+03
1.186035000000000145e-01,2.445000000000000000e+03
1.208095000000000002e-01,2.485000000000000000e+03
1.221324999999999911e-01,2.524000000000000000e+03
1.234565000000000107e-01,2.617000000000000000e+03
1.247795000000000015e-01,2.683000000000000000e+03
1.252205000000000124e-01,3.013000000000000000e+03
1.256614999999999815e-01,3.132000000000000000e+03
1.261034999999999795e-01,nan
1.265445000000000042e-01,nan
1.269855000000000289e-01,nan
1.274264999999999981e-01,nan
1.278675000000000228e-01,nan
1.283095000000000208e-01,nan
1.287504999999999900e-01,nan
1.291915000000000147e-01,nan
1.296324999999999839e-01,nan
1.300735000000000086e-01,nan
1.305144999999999778e-01,nan
1.309564999999999757e-01,nan
1.313975000000000004e-01,nan
1.318385000000000251e-01,nan
1.322794999999999943e-01,nan
1.327205000000000190e-01,nan
1.331614999999999882e-01,nan
1.336034999999999862e-01,nan
1.340445000000000109e-01,nan
1.344854999999999801e-01,nan
1.349265000000000048e-01,nan
1.353675000000000295e-01,nan
1.358095000000000274e-01,nan
1.362504999999999966e-01,nan
1.366915000000000213e-01,nan
1.371324999999999905e-01,nan
1.375735000000000152e-01,nan
1.380144999999999844e-01,nan
1.384564999999999824e-01,nan
1.388975000000000071e-01,nan
1.393384999999999763e-01,nan
1.397795000000000010e-01,nan
1.402205000000000257e-01,nan
1.406614999999999949e-01,2.756000000000000000e+03
1.411034999999999928e-01,2.670000000000000000e+03
1.415445000000000175e-01,2.617000000000000000e+03
1.428674999999999806e-01,2.485000000000000000e+03
1.433094999999999786e-01,2.419000000000000000e+03
1.446324999999999972e-01,2.386000000000000000e+03
1.450735000000000219e-01,2.385000000000000000e+03
1.468384999999999829e-01,2.385000000000000000e+03
1.525735000000000285e-01,2.353000000000000000e+03
1.547795000000000143e-01,2.340000000000000000e+03
1.556615000000000082e-01,2.300000000000000000e+03
1.569855000000000000e-01,2.267000000000000000e+03
1.578674999999999939e-01,2.194000000000000000e+03
1.587505000000000166e-01,2.135000000000000000e+03
1.596325000000000105e-01,2.075000000000000000e+03
1.609565000000000023e-01,1.957000000000000000e+03
1.627204999999999901e-01,1.791000000000000000e+03
