2.220550000000000301e-02,1.700000000000000000e+03
2.264750000000000443e-02,1.811500000000000000e+03
2.794150000000000453e-02,1.996500000000000000e+03
3.014750000000000763e-02,2.102000000000000000e+03
3.191150000000000236e-02,2.141500000000000000e+03
3.323550000000000809e-02,2.188000000000000000e+03
3.411750000000000199e-02,2.221000000000000000e+03
3.632350000000000162e-02,2.240500000000000000e+03
3.897050000000000514e-02,2.280500000000000000e+03
4.426450000000000523e-02,2.359500000000000000e+03
4.514750000000000707e-02,2.399000000000000000e+03
4.735250000000000570e-02,2.425500000000000000e+03
4.911750000000000144e-02,2.445500000000000000e+03
5.000050000000000328e-02,2.478500000000000000e+03
5.044150000000000716e-02,2.491500000000000000e+03
5.176450000000000495e-02,2.518000000000000000e+03
5.264750000000000679e-02,2.571000000000000000e+03
5.308850000000000374e-02,2.927500000000000000e+03
5.352950000000000763e-02,3.119000000000000000e+03
5.397050000000000458e-02,nan
5.441150000000000153e-02,nan
5.485250000000000542e-02,nan
5.529450000000000337e-02,nan
5.573550000000000726e-02,nan
5.617650000000000421e-02,nan
5.661750000000000810e-02,nan
5.705850000000000505e-02,nan
5.750050000000000300e-02,nan
5.794150000000000689e-02,nan
5.838250000000000384e-02,nan
5.882350000000000773e-02,nan
5.926450000000000468e-02,nan
5.970550000000000163e-02,nan
6.014749999999999958e-02,nan
6.058850000000001040e-02,nan
6.102950000000000735e-02,nan
6.147050000000000430e-02,nan
6.191150000000000125e-02,nan
6.235249999999999820e-02,nan
6.279450000000000309e-02,nan
6.323550000000000004e-02,nan
6.367649999999999699e-02,nan
6.411749999999999394e-02,nan
6.455849999999999089e-02,nan
6.500050000000001660e-02,nan
6.544150000000001355e-02,nan
6.588250000000001050e-02,nan
6.632350000000000745e-02,nan
6.676450000000000440e-02,3.072500000000000000e+03
6.764749999999999930e-02,2.881000000000000000e+03
6.852949999999999320e-02,2.716000000000000000e+03
7.161750000000000060e-02,2.597500000000000000e+03
7.205849999999999755e-02,2.557500000000000000e+03
7.294149999999999245e-02,2.531000000000000000e+03
7.382350000000001411e-02,2.524500000000000000e+03
7.602949999999999986e-02,2.524500000000000000e+03
7.691149999999999376e-02,2.538000000000000000e+03
7.823550000000001337e-02,2.577500000000000000e+03
8.000050000000000217e-02,2.630500000000000000e+03
8.044149999999999912e-02,2.683000000000000000e+03
8.132349999999999302e-02,2.808500000000000000e+03
8.176450000000001772e-02,nan
8.220550000000001467e-02,nan
8.264750000000001262e-02,nan
8.308850000000000957e-02,nan
8.352950000000000652e-02,nan
8.397050000000000347e-02,nan
8.441150000000000042e-02,nan
8.485250000000001125e-02,nan
8.529450000000000920e-02,nan
8.573550000000000615e-02,nan
8.617650000000001698e-02,nan
8.661750000000001393e-02,nan
8.705850000000001088e-02,nan
8.750050000000000883e-02,nan
8.794150000000000578e-02,nan
8.838250000000001660e-02,nan
8.882350000000001355e-02,nan
8.926450000000001050e-02,nan
8.970550000000000745e-02,nan
9.014750000000000540e-02,nan
9.058850000000001623e-02,nan
9.102950000000001318e-02,nan
9.147050000000001013e-02,nan
9.191150000000000708e-02,nan
9.235250000000001791e-02,nan
9.279450000000001586e-02,nan
9.323550000000001281e-02,nan
9.367650000000000976e-02,nan
9.411750000000000671e-02,nan
9.455850000000001754e-02,nan
9.500050000000001549e-02,nan
9.544150000000001244e-02,nan
9.588250000000000939e-02,nan
9.632350000000000634e-02,nan
9.632350000000000634e-02,nan
9.632350000000000634e-02,nan
9.676450000000001717e-02,2.973000000000000000e+03
9.720650000000001512e-02,2.795000000000000000e+03
9.764750000000001207e-02,2.729000000000000000e+03
9.808850000000000902e-02,2.656000000000000000e+03
1.002945000000000086e-01,2.551000000000000000e+03
1.025005000000000083e-01,2.531000000000000000e+03
1.042645000000000099e-01,2.551000000000000000e+03
1.047065000000000079e-01,2.547313341000000037e+03
1.051475000000000048e-01,2.555682754999999815e+03
1.055885000000000157e-01,2.562345128999999815e+03
1.060295000000000126e-01,2.579335549999999785e+03
1.064705000000000096e-01,2.602975037000000157e+03
1.069125000000000075e-01,2.626649579999999787e+03
1.073535000000000184e-01,2.639914768000000095e+03
1.077945000000000153e-01,2.646196131000000150e+03
1.082355000000000123e-01,2.656905779000000166e+03
1.086765000000000092e-01,2.672326453000000129e+03
1.091175000000000062e-01,2.698023059000000103e+03
1.095595000000000180e-01,2.726409775999999965e+03
1.100005000000000149e-01,2.747529438000000027e+03
1.104415000000000119e-01,2.764085343000000194e+03
1.108825000000000088e-01,2.786487019000000146e+03
1.113235000000000058e-01,2.849814088000000083e+03
1.117645000000000166e-01,2.984884297000000061e+03
1.126475000000000115e-01,3.068115394999999808e+03
1.144125000000000142e-01,3.098639001999999891e+03
1.152945000000000081e-01,nan
1.157355000000000050e-01,nan
1.161765000000000159e-01,nan
1.166175000000000128e-01,nan
1.170595000000000108e-01,nan
1.175005000000000077e-01,nan
1.179415000000000185e-01,nan
1.183825000000000155e-01,nan
1.188235000000000124e-01,nan
1.192645000000000094e-01,nan
1.197065000000000073e-01,nan
1.201475000000000182e-01,nan
1.205885000000000151e-01,nan
1.210295000000000121e-01,nan
1.214705000000000090e-01,nan
1.219125000000000070e-01,nan
1.223535000000000178e-01,nan
1.227945000000000147e-01,nan
1.232355000000000117e-01,nan
1.236765000000000086e-01,3.099000000000000000e+03
1.254415000000000391e-01,2.861000000000000000e+03
1.258825000000000083e-01,2.610000000000000000e+03
1.263235000000000330e-01,2.544482453999999962e+03
1.267645000000000022e-01,2.522047950000000128e+03
1.272065000000000001e-01,2.410539306000000124e+03
1.276475000000000248e-01,2.353061811999999918e+03
1.280884999999999940e-01,2.348778612999999950e+03
1.285295000000000187e-01,2.346756143999999949e+03
1.289704999999999879e-01,2.341940982000000076e+03
1.294124999999999859e-01,2.335469818999999916e+03
1.298535000000000106e-01,2.319324784999999792e+03
1.302945000000000353e-01,2.304294554000000062e+03
1.307355000000000045e-01,2.291831776999999875e+03
1.311765000000000292e-01,2.285146380000000136e+03
1.316174999999999984e-01,2.274005263000000014e+03
1.320594999999999963e-01,2.265548711999999796e+03
1.325005000000000210e-01,2.252183031000000028e+03
1.329414999999999902e-01,2.243925545000000056e+03
1.333825000000000149e-01,2.231090799999999945e+03
1.338234999999999841e-01,2.224545028999999886e+03
1.342645000000000088e-01,2.214765927999999803e+03
1.347065000000000068e-01,2.196048420999999962e+03
1.351475000000000315e-01,2.154411572999999862e+03
1.355885000000000007e-01,2.104169385000000148e+03
1.360295000000000254e-01,2.050606706000000031e+03
1.364704999999999946e-01,2.003767845000000079e+03
1.369124999999999925e-01,1.959430137999999943e+03
1.373535000000000172e-01,1.919818224000000100e+03
1.377944999999999864e-01,1.887144686999999976e+03
