5.882499999999998841e-03,1.569500000000000000e+03
1.117649999999999720e-02,1.998500000000000000e+03
1.249949999999999846e-02,2.068500000000000000e+03
1.470549999999999809e-02,2.186000000000000000e+03
1.602949999999999514e-02,2.230000000000000000e+03
2.088249999999999829e-02,2.259000000000000000e+03
2.485249999999999959e-02,2.288500000000000000e+03
3.014749999999999375e-02,2.332500000000000000e+03
3.191149999999999542e-02,2.391000000000000000e+03
3.676449999999999857e-02,2.508500000000000000e+03
3.897049999999999820e-02,2.714000000000000000e+03
3.941149999999999515e-02,nan
3.985249999999999904e-02,nan
4.029449999999999699e-02,nan
4.073549999999999394e-02,nan
4.117649999999999783e-02,nan
4.161749999999999478e-02,nan
4.205849999999999866e-02,nan
4.249949999999999561e-02,nan
4.294149999999999356e-02,nan
4.338249999999999745e-02,nan
4.382349999999999440e-02,nan
4.426449999999999829e-02,nan
4.470549999999999524e-02,nan
4.514749999999999319e-02,nan
4.558849999999999708e-02,nan
4.602949999999999403e-02,nan
4.647049999999999792e-02,nan
4.691149999999999487e-02,nan
4.735249999999999876e-02,nan
4.779449999999999671e-02,nan
4.823549999999999366e-02,nan
4.867649999999999755e-02,nan
4.911749999999999450e-02,nan
4.955849999999999839e-02,nan
4.999949999999999534e-02,nan
5.044149999999999329e-02,nan
5.088249999999999718e-02,nan
5.132349999999999413e-02,nan
5.176449999999999801e-02,nan
5.220549999999999496e-02,nan
5.264749999999999291e-02,2.978000000000000000e+03
5.352949999999999375e-02,2.611500000000000000e+03
5.617649999999999033e-02,2.450000000000000000e+03
5.661750000000000116e-02,2.391000000000000000e+03
6.014749999999999264e-02,2.406000000000000000e+03
6.323550000000000004e-02,2.479500000000000000e+03
6.852949999999999320e-02,2.611500000000000000e+03
7.029449999999999588e-02,3.213000000000000000e+03
7.073549999999999283e-02,nan
7.117649999999998978e-02,nan
7.161750000000000060e-02,nan
7.205849999999999755e-02,nan
7.249949999999999450e-02,nan
7.294149999999999245e-02,nan
7.338250000000000328e-02,nan
7.382350000000000023e-02,nan
7.426449999999999718e-02,nan
7.470549999999999413e-02,nan
7.514749999999999208e-02,nan
7.558850000000000291e-02,nan
7.602949999999999986e-02,nan
7.647049999999999681e-02,nan
7.691149999999999376e-02,nan
7.735249999999999071e-02,nan
7.779450000000000254e-02,nan
7.823549999999999949e-02,nan
7.867649999999999644e-02,nan
7.911749999999999339e-02,nan
7.955849999999999034e-02,nan
7.999950000000000117e-02,nan
8.044149999999999912e-02,nan
8.088249999999999607e-02,nan
8.132349999999999302e-02,nan
8.176449999999998997e-02,nan
8.220550000000000079e-02,nan
8.264749999999999874e-02,nan
8.308849999999999569e-02,nan
8.308849999999999569e-02,nan
8.308849999999999569e-02,nan
8.352949999999999264e-02,2.863000000000000000e+03
8.397049999999998959e-02,2.770000000000000000e+03
8.441150000000000042e-02,2.624000000000000000e+03
8.485249999999999737e-02,2.511000000000000000e+03
8.529449999999999532e-02,2.491000000000000000e+03
8.573549999999999227e-02,2.478000000000000000e+03
8.617650000000000310e-02,2.478000000000000000e+03
8.705849999999999700e-02,2.478000000000000000e+03
8.926449999999999663e-02,2.484000000000000000e+03
8.970549999999999358e-02,2.491000000000000000e+03
9.102949999999999930e-02,2.518000000000000000e+03
9.147049999999999625e-02,2.544000000000000000e+03
9.235249999999999015e-02,2.550000000000000000e+03
9.367649999999999588e-02,2.571000000000000000e+03
9.544149999999999856e-02,2.604000000000000000e+03
9.632349999999999246e-02,2.624000000000000000e+03
9.720550000000000024e-02,2.651000000000000000e+03
9.808849999999999514e-02,2.770000000000000000e+03
9.941149999999999987e-02,2.877000000000000000e+03
9.985249999999999682e-02,nan
1.002944999999999948e-01,nan
1.007354999999999917e-01,nan
1.011765000000000025e-01,nan
1.016174999999999995e-01,nan
1.020584999999999964e-01,nan
1.025004999999999944e-01,nan
1.029414999999999913e-01,nan
1.033825000000000022e-01,nan
1.038234999999999991e-01,nan
1.042644999999999961e-01,nan
1.047054999999999930e-01,nan
1.051474999999999910e-01,nan
1.055885000000000018e-01,nan
1.060294999999999987e-01,nan
1.064704999999999957e-01,nan
1.069114999999999926e-01,nan
1.073524999999999896e-01,nan
1.077945000000000014e-01,nan
1.082354999999999984e-01,nan
1.086764999999999953e-01,nan
1.091174999999999923e-01,nan
1.095585000000000031e-01,nan
1.100005000000000011e-01,nan
1.104414999999999980e-01,nan
1.108824999999999950e-01,nan
1.113234999999999919e-01,2.877000000000000000e+03
1.122054999999999997e-01,2.777000000000000000e+03
1.144114999999999993e-01,2.544000000000000000e+03
1.148524999999999963e-01,2.512000000000000000e+03
1.152944999999999942e-01,2.464000000000000000e+03
1.161765000000000020e-01,2.444000000000000000e+03
1.166174999999999851e-01,2.444000000000000000e+03
1.170585000000000098e-01,2.435080244000000221e+03
1.179415000000000047e-01,2.430031333999999788e+03
1.183825000000000016e-01,2.445143388999999843e+03
1.188234999999999986e-01,2.455562042999999903e+03
1.197054999999999925e-01,2.449664329000000180e+03
1.219115000000000060e-01,2.456766392999999880e+03
1.227945000000000009e-01,2.462912448999999924e+03
1.232354999999999978e-01,2.465087073000000146e+03
1.241174999999999917e-01,2.475477957000000060e+03
1.258825000000000083e-01,2.537968824000000041e+03
1.263235000000000052e-01,2.533394953999999871e+03
1.267645000000000022e-01,2.533542730000000120e+03
1.276474999999999971e-01,2.526612575000000106e+03
1.285294999999999910e-01,2.581634081000000151e+03
1.289704999999999879e-01,2.616242229999999836e+03
1.307355000000000045e-01,2.642892367999999806e+03
1.311765000000000292e-01,2.813753654000000097e+03
1.316174999999999984e-01,2.814000000000000000e+03
1.320585000000000231e-01,3.003000000000000000e+03
1.325005000000000210e-01,3.149000000000000000e+03
1.329414999999999902e-01,nan
1.333825000000000149e-01,nan
1.338234999999999841e-01,nan
1.342645000000000088e-01,nan
1.347055000000000335e-01,nan
1.351475000000000315e-01,nan
1.355885000000000007e-01,nan
1.360295000000000254e-01,nan
1.364704999999999946e-01,nan
1.369115000000000193e-01,nan
1.373524999999999885e-01,nan
1.377944999999999864e-01,nan
1.382355000000000111e-01,nan
1.386765000000000359e-01,nan
1.391175000000000050e-01,nan
1.395585000000000298e-01,nan
1.400005000000000277e-01,nan
1.404414999999999969e-01,nan
1.408825000000000216e-01,nan
1.413234999999999908e-01,nan
1.417645000000000155e-01,2.843000000000000000e+03
1.422054999999999847e-01,2.790000000000000000e+03
1.426474999999999826e-01,2.676000000000000000e+03
1.444115000000000260e-01,2.484000000000000000e+03
1.452944999999999931e-01,2.424000000000000000e+03
1.457355000000000178e-01,2.378000000000000000e+03
1.470585000000000364e-01,2.325000000000000000e+03
1.475005000000000344e-01,2.320000000000000000e+03
1.488234999999999975e-01,2.305000000000000000e+03
1.492645000000000222e-01,2.305000000000000000e+03
1.497054999999999914e-01,2.304000000000000000e+03
1.501474999999999893e-01,2.291000000000000000e+03
1.519115000000000326e-01,2.270882467999999790e+03
1.523525000000000018e-01,2.272275427000000036e+03
1.527944999999999998e-01,2.237198964000000160e+03
1.532355000000000245e-01,2.189064876999999797e+03
1.536764999999999937e-01,2.167666941999999835e+03
1.541175000000000184e-01,2.089492205000000013e+03
