1.448549999999999838e-02,1.758500000000000000e+03
1.713249999999999842e-02,1.887500000000000000e+03
1.757349999999999884e-02,1.930500000000000000e+03
1.801449999999999926e-02,1.976500000000000000e+03
1.845549999999999621e-02,1.996500000000000000e+03
1.889649999999999663e-02,2.056000000000000000e+03
1.933749999999999705e-02,2.115000000000000000e+03
1.977949999999999847e-02,2.161500000000000000e+03
2.022049999999999889e-02,2.168000000000000000e+03
2.066149999999999931e-02,2.181500000000000000e+03
2.198549999999999810e-02,2.201000000000000000e+03
2.463249999999999468e-02,2.227500000000000000e+03
2.639649999999999636e-02,2.254000000000000000e+03
2.904349999999999987e-02,2.280500000000000000e+03
3.301449999999999524e-02,2.315000000000000000e+03
3.610249999999999571e-02,2.326500000000000000e+03
3.698549999999999754e-02,2.346500000000000000e+03
3.786749999999999838e-02,2.373000000000000000e+03
3.919049999999999617e-02,2.386000000000000000e+03
4.095549999999999885e-02,2.419000000000000000e+03
4.183749999999999969e-02,2.439000000000000000e+03
4.227949999999999764e-02,2.472000000000000000e+03
4.360249999999999543e-02,2.524500000000000000e+03
4.448549999999999727e-02,2.617000000000000000e+03
4.536749999999999811e-02,2.775500000000000000e+03
4.580849999999999506e-02,3.006500000000000000e+03
4.624949999999999894e-02,nan
4.669049999999999589e-02,nan
4.713250000000000078e-02,nan
4.757349999999999773e-02,nan
4.801449999999999468e-02,nan
4.845549999999999857e-02,nan
4.889649999999999552e-02,nan
4.933749999999999941e-02,nan
4.977949999999999736e-02,nan
5.022049999999999431e-02,nan
5.066149999999999820e-02,nan
5.110249999999999515e-02,nan
5.154349999999999904e-02,nan
5.198549999999999699e-02,nan
5.242650000000000088e-02,nan
5.286749999999999783e-02,nan
5.330849999999999478e-02,nan
5.374949999999999867e-02,nan
5.419049999999999562e-02,nan
5.463249999999999357e-02,nan
5.507350000000000440e-02,nan
5.551450000000000135e-02,nan
5.595549999999999830e-02,nan
5.639649999999999525e-02,nan
5.683749999999999220e-02,nan
5.727950000000000402e-02,nan
5.772050000000000097e-02,nan
5.816149999999999792e-02,2.907500000000000000e+03
5.904349999999999182e-02,2.689500000000000000e+03
6.080849999999999450e-02,2.579500000000000000e+03
6.389649999999999497e-02,2.472000000000000000e+03
6.610250000000000847e-02,2.439000000000000000e+03
6.786749999999999727e-02,2.452000000000000000e+03
7.007350000000001078e-02,2.485000000000000000e+03
7.316149999999999043e-02,2.538000000000000000e+03
7.580850000000000088e-02,2.656500000000000000e+03
7.801450000000000051e-02,2.815000000000000000e+03
7.845550000000001134e-02,nan
7.889650000000000829e-02,nan
7.933750000000000524e-02,nan
7.977950000000000319e-02,nan
8.022050000000000014e-02,nan
8.066150000000001097e-02,nan
8.110250000000000792e-02,nan
8.154350000000000487e-02,nan
8.198550000000000282e-02,nan
8.242649999999999977e-02,nan
8.286750000000001060e-02,nan
8.330850000000000755e-02,nan
8.374950000000000450e-02,nan
8.419050000000000145e-02,nan
8.463249999999999940e-02,nan
8.507350000000001022e-02,nan
8.551450000000000717e-02,nan
8.595550000000000412e-02,nan
8.639650000000000107e-02,nan
8.683749999999999802e-02,nan
8.727950000000000985e-02,nan
8.772050000000000680e-02,nan
8.816150000000000375e-02,nan
8.816150000000000375e-02,nan
8.816150000000000375e-02,nan
8.838250000000000273e-02,2.881000000000000000e+03
9.147050000000001013e-02,2.709000000000000000e+03
9.235350000000000503e-02,2.597000000000000000e+03
9.588250000000000939e-02,2.551000000000000000e+03
1.038234999999999991e-01,2.538000000000000000e+03
1.064705000000000096e-01,2.564000000000000000e+03
1.084565000000000112e-01,2.637000000000000000e+03
1.093385000000000051e-01,2.802000000000000000e+03
1.113235000000000058e-01,3.105000000000000000e+03
1.115445000000000048e-01,nan
1.117645000000000027e-01,nan
1.119855000000000017e-01,nan
1.122065000000000007e-01,nan
1.124264999999999987e-01,nan
1.126474999999999976e-01,nan
1.128675000000000095e-01,nan
1.130885000000000085e-01,nan
1.133095000000000074e-01,nan
1.135295000000000054e-01,nan
1.137505000000000044e-01,nan
1.139705000000000024e-01,nan
1.141915000000000013e-01,nan
1.144114999999999993e-01,nan
1.146324999999999983e-01,nan
1.148535000000000111e-01,nan
1.150735000000000091e-01,nan
1.152945000000000081e-01,nan
1.155145000000000061e-01,nan
1.157355000000000050e-01,nan
1.159565000000000040e-01,nan
1.161765000000000159e-01,nan
1.163975000000000148e-01,nan
1.166175000000000128e-01,nan
1.168385000000000118e-01,nan
1.170595000000000108e-01,nan
1.172795000000000087e-01,nan
1.175005000000000077e-01,nan
1.177205000000000057e-01,nan
1.179415000000000047e-01,nan
1.181615000000000026e-01,nan
1.183825000000000016e-01,nan
1.186035000000000006e-01,nan
1.188234999999999986e-01,nan
1.190444999999999975e-01,nan
1.192644999999999955e-01,nan
1.194854999999999945e-01,nan
1.197064999999999935e-01,nan
1.199264999999999914e-01,nan
1.201475000000000182e-01,nan
1.203675000000000161e-01,nan
1.205885000000000151e-01,nan
1.208095000000000141e-01,nan
1.210295000000000121e-01,nan
1.212505000000000110e-01,nan
1.214705000000000090e-01,nan
1.216915000000000080e-01,nan
1.219115000000000060e-01,nan
1.221325000000000049e-01,nan
1.223535000000000039e-01,nan
1.225735000000000019e-01,nan
1.227945000000000009e-01,nan
1.230144999999999988e-01,nan
1.232354999999999978e-01,nan
1.234564999999999968e-01,3.026000000000000000e+03
1.236764999999999948e-01,2.597000000000000000e+03
1.243384999999999907e-01,2.524000000000000000e+03
1.274264999999999981e-01,2.465000000000000000e+03
1.296325000000000116e-01,2.452000000000000000e+03
1.329415000000000180e-01,2.406000000000000000e+03
1.366914999999999936e-01,2.359000000000000000e+03
1.393385000000000040e-01,2.280000000000000000e+03
1.411034999999999928e-01,2.148000000000000000e+03
1.435295000000000321e-01,1.957000000000000000e+03
1.455144999999999911e-01,1.772000000000000000e+03
