1.691499999999984682e-03,1.957000000000000000e+03
2.573499999999985521e-03,2.082000000000000000e+03
3.014499999999985941e-03,2.181500000000000000e+03
3.456499999999985626e-03,2.194500000000000000e+03
3.897499999999986045e-03,2.214500000000000000e+03
4.338499999999984730e-03,2.227500000000000000e+03
5.661499999999985988e-03,2.277500000000000000e+03
6.985499999999984777e-03,2.306500000000000000e+03
8.308499999999986035e-03,2.320000000000000000e+03
8.750499999999985720e-03,2.333000000000000000e+03
1.051449999999998393e-02,2.353000000000000000e+03
1.272049999999998356e-02,2.386000000000000000e+03
1.360349999999998540e-02,2.389000000000000000e+03
1.448549999999998623e-02,2.399000000000000000e+03
1.536749999999998360e-02,2.400000000000000000e+03
1.669149999999998413e-02,2.425500000000000000e+03
1.757349999999998497e-02,2.432000000000000000e+03
1.845649999999998334e-02,2.445500000000000000e+03
1.933849999999998417e-02,2.458500000000000000e+03
2.022049999999998501e-02,2.464500000000000000e+03
2.110349999999998338e-02,2.472000000000000000e+03
2.198549999999998422e-02,2.479500000000000000e+03
2.330849999999998201e-02,2.505000000000000000e+03
2.463249999999998427e-02,2.531000000000000000e+03
2.551449999999998511e-02,2.597500000000000000e+03
2.639749999999998001e-02,2.749000000000000000e+03
2.683849999999998390e-02,2.888000000000000000e+03
2.727949999999998085e-02,nan
2.772049999999998474e-02,nan
2.816149999999998169e-02,nan
2.860349999999998657e-02,nan
2.904449999999998352e-02,nan
2.948549999999998047e-02,nan
2.992649999999998436e-02,nan
3.036749999999998131e-02,nan
3.080849999999998520e-02,nan
3.125049999999998662e-02,nan
3.169149999999998357e-02,nan
3.213249999999998052e-02,nan
3.257349999999997747e-02,nan
3.301449999999998830e-02,nan
3.345649999999998625e-02,nan
3.389749999999999014e-02,nan
3.433849999999998709e-02,nan
3.477949999999998404e-02,nan
3.522049999999998793e-02,nan
3.566149999999998488e-02,nan
3.610349999999998977e-02,nan
3.654449999999998672e-02,nan
3.698549999999998367e-02,nan
3.742649999999998756e-02,nan
3.786749999999998451e-02,nan
3.830849999999998839e-02,nan
3.875049999999998634e-02,nan
3.919149999999999023e-02,nan
3.963249999999998718e-02,2.769000000000000000e+03
4.139749999999998986e-02,2.663500000000000000e+03
4.183849999999998681e-02,2.590500000000000000e+03
4.272049999999998765e-02,2.524500000000000000e+03
4.669149999999998996e-02,2.485000000000000000e+03
4.713249999999998691e-02,2.465000000000000000e+03
4.801449999999998774e-02,2.465000000000000000e+03
4.845649999999998569e-02,2.472000000000000000e+03
4.933849999999998653e-02,2.491500000000000000e+03
5.066149999999998432e-02,2.518000000000000000e+03
5.154449999999998616e-02,2.551000000000000000e+03
5.198549999999999005e-02,2.564500000000000000e+03
5.242649999999998700e-02,2.590500000000000000e+03
5.286749999999998395e-02,2.696500000000000000e+03
5.330849999999998784e-02,2.672000000000000000e+03
5.375049999999998579e-02,nan
5.419149999999998968e-02,nan
5.463249999999998663e-02,nan
5.507349999999998358e-02,nan
5.551449999999998747e-02,nan
5.595649999999998542e-02,nan
5.639749999999998237e-02,nan
5.683849999999999320e-02,nan
5.727949999999999015e-02,nan
5.772049999999998710e-02,nan
5.816149999999998405e-02,nan
5.860349999999998200e-02,nan
5.904449999999999282e-02,nan
5.948549999999998977e-02,nan
5.992649999999998672e-02,nan
6.036749999999998367e-02,nan
6.080849999999998062e-02,nan
6.125049999999999245e-02,nan
6.169149999999998940e-02,nan
6.213249999999998635e-02,nan
6.257349999999997636e-02,nan
6.301449999999997331e-02,nan
6.345649999999999902e-02,nan
6.389749999999999597e-02,nan
6.433849999999999292e-02,nan
6.477949999999998987e-02,nan
6.522050000000000070e-02,nan
6.566149999999999765e-02,nan
6.610349999999999560e-02,nan
6.654449999999999255e-02,nan
6.698549999999998950e-02,nan
6.742650000000000032e-02,nan
6.786749999999999727e-02,nan
6.786749999999999727e-02,nan
6.786749999999999727e-02,nan
6.830849999999999422e-02,2.934000000000000000e+03
6.919149999999998912e-02,2.709000000000000000e+03
7.007349999999999690e-02,2.485000000000000000e+03
7.051449999999999385e-02,2.392000000000000000e+03
7.316149999999999043e-02,2.379000000000000000e+03
7.360249999999998738e-02,2.379000000000000000e+03
7.404449999999999921e-02,2.379000000000000000e+03
7.713249999999999273e-02,2.392000000000000000e+03
8.110249999999999404e-02,2.445000000000000000e+03
8.374949999999999062e-02,2.498000000000000000e+03
8.551449999999999330e-02,2.577000000000000000e+03
8.727949999999999597e-02,2.828000000000000000e+03
8.772049999999999292e-02,nan
8.816149999999998987e-02,nan
8.860250000000000070e-02,nan
8.904449999999999865e-02,nan
8.948549999999999560e-02,nan
8.992649999999999255e-02,nan
9.036749999999998950e-02,nan
9.080850000000000033e-02,nan
9.124949999999999728e-02,nan
9.169149999999999523e-02,nan
9.213249999999999218e-02,nan
9.257349999999998913e-02,nan
9.301449999999999996e-02,nan
9.345549999999999691e-02,nan
9.389749999999999486e-02,nan
9.433849999999999181e-02,nan
9.477949999999998876e-02,nan
9.522049999999999959e-02,nan
9.566149999999999654e-02,nan
9.610249999999999349e-02,nan
9.654449999999999144e-02,nan
9.698549999999998839e-02,nan
9.742649999999999921e-02,nan
9.786749999999999616e-02,nan
9.830849999999999311e-02,nan
9.874949999999999006e-02,nan
9.919149999999998801e-02,nan
9.963249999999999884e-02,nan
1.000734999999999958e-01,2.841000000000000000e+03
1.005144999999999927e-01,2.623000000000000000e+03
1.013974999999999876e-01,2.518000000000000000e+03
1.036025000000000001e-01,2.412000000000000000e+03
1.040444999999999981e-01,2.412000000000000000e+03
1.044854999999999950e-01,2.412000000000000000e+03
1.049264999999999920e-01,2.412000000000000000e+03
1.053674999999999889e-01,2.412000000000000000e+03
1.058084999999999998e-01,2.412000000000000000e+03
1.062494999999999967e-01,2.412000000000000000e+03
1.066914999999999947e-01,2.412000000000000000e+03
1.071324999999999916e-01,2.412000000000000000e+03
1.075734999999999886e-01,2.412000000000000000e+03
1.080144999999999994e-01,2.412000000000000000e+03
1.084554999999999964e-01,2.419000000000000000e+03
1.119854999999999878e-01,2.425000000000000000e+03
1.141914999999999875e-01,2.445000000000000000e+03
1.163974999999999871e-01,2.485000000000000000e+03
1.177204999999999918e-01,2.524000000000000000e+03
1.190444999999999837e-01,2.617000000000000000e+03
1.203675000000000023e-01,2.683000000000000000e+03
1.208084999999999992e-01,3.013000000000000000e+03
1.212494999999999962e-01,3.132000000000000000e+03
1.216914999999999941e-01,nan
1.221324999999999911e-01,nan
1.225734999999999880e-01,nan
1.230144999999999850e-01,nan
1.234554999999999819e-01,nan
1.238975000000000076e-01,nan
1.243385000000000046e-01,nan
1.247795000000000015e-01,nan
1.252205000000000124e-01,nan
1.256614999999999815e-01,nan
1.261025000000000063e-01,nan
1.265445000000000042e-01,nan
1.269855000000000012e-01,nan
1.274264999999999981e-01,nan
1.278674999999999951e-01,nan
1.283085000000000198e-01,nan
1.287495000000000167e-01,nan
1.291915000000000147e-01,nan
1.296325000000000116e-01,nan
1.300735000000000086e-01,nan
1.305145000000000055e-01,nan
1.309555000000000025e-01,nan
1.313975000000000004e-01,nan
1.318384999999999974e-01,nan
1.322794999999999943e-01,nan
1.327205000000000190e-01,nan
1.331615000000000160e-01,nan
1.336025000000000129e-01,nan
1.340445000000000109e-01,nan
1.344855000000000078e-01,nan
1.349265000000000048e-01,nan
1.353675000000000017e-01,nan
1.358084999999999987e-01,nan
1.362494999999999956e-01,2.756000000000000000e+03
1.366915000000000213e-01,2.670000000000000000e+03
1.371325000000000183e-01,2.617000000000000000e+03
1.384555000000000091e-01,2.485000000000000000e+03
1.388975000000000071e-01,2.419000000000000000e+03
1.402204999999999979e-01,2.386000000000000000e+03
1.406614999999999949e-01,2.385000000000000000e+03
1.424265000000000114e-01,2.385000000000000000e+03
1.481615000000000015e-01,2.353000000000000000e+03
1.503675000000000150e-01,2.340000000000000000e+03
1.512495000000000089e-01,2.300000000000000000e+03
1.525735000000000008e-01,2.267000000000000000e+03
1.534554999999999947e-01,2.194000000000000000e+03
1.543385000000000173e-01,2.135000000000000000e+03
1.552205000000000112e-01,2.075000000000000000e+03
1.565445000000000031e-01,1.957000000000000000e+03
1.583085000000000186e-01,1.791000000000000000e+03
