2.573500000000000093e-02,1.719000000000000000e+03
2.749900000000000261e-02,1.838000000000000000e+03
3.058799999999999714e-02,1.960000000000000000e+03
3.102900000000000102e-02,2.075000000000000000e+03
3.323500000000000065e-02,2.214000000000000000e+03
3.588199999999999723e-02,2.260000000000000000e+03
3.852900000000000075e-02,2.287000000000000000e+03
4.161700000000000121e-02,2.306000000000000000e+03
4.426399999999999779e-02,2.306000000000000000e+03
4.691100000000000131e-02,2.306000000000000000e+03
4.867599999999999705e-02,2.326000000000000000e+03
5.308799999999999630e-02,2.399000000000000000e+03
5.529399999999999593e-02,2.452000000000000000e+03
5.617600000000000371e-02,2.848000000000000000e+03
5.661700000000000066e-02,nan
5.705799999999999761e-02,nan
5.749899999999999456e-02,nan
5.794099999999999251e-02,nan
5.838200000000000334e-02,nan
5.882300000000000029e-02,nan
5.926399999999999724e-02,nan
5.970499999999999419e-02,nan
6.014600000000000501e-02,nan
6.058800000000000296e-02,nan
6.102899999999999991e-02,nan
6.146999999999999686e-02,nan
6.191099999999999381e-02,nan
6.235200000000000464e-02,nan
6.279400000000000259e-02,nan
6.323499999999999954e-02,nan
6.367599999999999649e-02,nan
6.411699999999999344e-02,nan
6.455800000000000427e-02,nan
6.499900000000000122e-02,nan
6.544099999999999917e-02,nan
6.588199999999999612e-02,2.604000000000000000e+03
6.676400000000000390e-02,2.452000000000000000e+03
6.764599999999999780e-02,2.379500000000000000e+03
6.852899999999999270e-02,2.346500000000000000e+03
7.338200000000000278e-02,2.366000000000000000e+03
7.470499999999999363e-02,2.439000000000000000e+03
7.558800000000000241e-02,2.445500000000000000e+03
7.779400000000000204e-02,2.465000000000000000e+03
7.867599999999999594e-02,2.551000000000000000e+03
8.088199999999999557e-02,2.789000000000000000e+03
8.132299999999999252e-02,nan
8.176400000000000334e-02,nan
8.220500000000000029e-02,nan
8.264599999999999724e-02,nan
8.308799999999999519e-02,nan
8.352900000000000602e-02,nan
8.397000000000000297e-02,nan
8.441099999999999992e-02,nan
8.485199999999999687e-02,nan
8.529399999999999482e-02,nan
8.573500000000000565e-02,nan
8.617600000000000260e-02,nan
8.661699999999999955e-02,nan
8.705799999999999650e-02,nan
8.749899999999999345e-02,nan
8.794100000000000528e-02,nan
8.838200000000001610e-02,nan
8.882300000000001305e-02,nan
8.926400000000001000e-02,nan
8.970500000000000695e-02,nan
9.014600000000000390e-02,nan
9.058800000000000185e-02,nan
9.102899999999999880e-02,nan
9.146999999999999575e-02,nan
9.191099999999999270e-02,nan
9.235200000000001741e-02,nan
9.279400000000001536e-02,nan
9.279400000000001536e-02,nan
9.279400000000001536e-02,nan
9.323500000000001231e-02,2.973000000000000000e+03
9.367700000000001026e-02,2.795000000000000000e+03
9.411800000000000721e-02,2.729000000000000000e+03
9.455900000000000416e-02,2.656000000000000000e+03
9.676500000000001767e-02,2.551000000000000000e+03
9.897100000000000342e-02,2.531000000000000000e+03
1.007350000000000190e-01,2.551000000000000000e+03
1.011770000000000169e-01,2.547313341000000037e+03
1.016180000000000139e-01,2.555682754999999815e+03
1.020590000000000108e-01,2.562345128999999815e+03
1.025000000000000078e-01,2.579335549999999785e+03
1.029410000000000047e-01,2.602975037000000157e+03
1.033830000000000027e-01,2.626649579999999787e+03
1.038239999999999996e-01,2.639914768000000095e+03
1.042649999999999966e-01,2.646196131000000150e+03
1.047059999999999935e-01,2.656905779000000166e+03
1.051470000000000182e-01,2.672326453000000129e+03
1.055880000000000152e-01,2.698023059000000103e+03
1.060300000000000131e-01,2.726409775999999965e+03
1.064710000000000101e-01,2.747529438000000027e+03
1.069120000000000070e-01,2.764085343000000194e+03
1.073530000000000040e-01,2.786487019000000146e+03
1.077940000000000009e-01,2.849814088000000083e+03
1.082349999999999979e-01,2.984884297000000061e+03
1.091179999999999928e-01,3.068115394999999808e+03
1.108830000000000093e-01,3.098639001999999891e+03
1.117650000000000032e-01,nan
1.122060000000000002e-01,nan
1.126469999999999971e-01,nan
1.130879999999999941e-01,nan
1.135300000000000198e-01,nan
1.139710000000000167e-01,nan
1.144120000000000137e-01,nan
1.148530000000000106e-01,nan
1.152940000000000076e-01,nan
1.157350000000000045e-01,nan
1.161770000000000025e-01,nan
1.166179999999999994e-01,nan
1.170589999999999964e-01,nan
1.174999999999999933e-01,nan
1.179409999999999903e-01,nan
1.183829999999999882e-01,nan
1.188240000000000129e-01,nan
1.192650000000000099e-01,nan
1.197060000000000068e-01,nan
1.201470000000000038e-01,3.099000000000000000e+03
1.219119999999999926e-01,2.861000000000000000e+03
1.223529999999999895e-01,2.610000000000000000e+03
1.227939999999999865e-01,2.544482453999999962e+03
1.232350000000000112e-01,2.522047950000000128e+03
1.236770000000000092e-01,2.410539306000000124e+03
1.241180000000000061e-01,2.353061811999999918e+03
1.245590000000000031e-01,2.348778612999999950e+03
1.250000000000000000e-01,2.346756143999999949e+03
1.254409999999999969e-01,2.341940982000000076e+03
1.258829999999999949e-01,2.335469818999999916e+03
1.263239999999999919e-01,2.319324784999999792e+03
1.267649999999999888e-01,2.304294554000000062e+03
1.272059999999999858e-01,2.291831776999999875e+03
1.276470000000000105e-01,2.285146380000000136e+03
1.280880000000000074e-01,2.274005263000000014e+03
1.285300000000000054e-01,2.265548711999999796e+03
1.289710000000000023e-01,2.252183031000000028e+03
1.294119999999999993e-01,2.243925545000000056e+03
1.298529999999999962e-01,2.231090799999999945e+03
1.302939999999999932e-01,2.224545028999999886e+03
1.307349999999999901e-01,2.214765927999999803e+03
1.311769999999999881e-01,2.196048420999999962e+03
1.316180000000000128e-01,2.154411572999999862e+03
1.320590000000000097e-01,2.104169385000000148e+03
1.325000000000000067e-01,2.050606706000000031e+03
1.329410000000000036e-01,2.003767845000000079e+03
1.333830000000000016e-01,1.959430137999999943e+03
1.338239999999999985e-01,1.919818224000000100e+03
1.342649999999999955e-01,1.887144686999999976e+03
