6.621500000000002384e-03,1.831000000000000000e+03
8.385500000000004062e-03,2.095000000000000000e+03
8.827500000000002012e-03,2.208000000000000000e+03
1.059150000000000369e-02,2.267000000000000000e+03
1.235650000000000290e-02,2.320000000000000000e+03
1.544450000000000336e-02,2.379000000000000000e+03
1.853350000000000483e-02,2.386000000000000000e+03
2.118050000000000141e-02,2.445000000000000000e+03
2.426850000000000188e-02,2.511000000000000000e+03
3.132750000000000812e-02,2.676000000000000000e+03
3.220950000000000202e-02,2.703000000000000000e+03
3.353350000000000775e-02,3.105000000000000000e+03
3.397450000000000470e-02,nan
3.441550000000000165e-02,nan
3.485649999999999860e-02,nan
3.529750000000000942e-02,nan
3.573850000000000637e-02,nan
3.618050000000000432e-02,nan
3.662150000000000127e-02,nan
3.706249999999999822e-02,nan
3.750350000000000905e-02,nan
3.794450000000000600e-02,nan
3.838550000000000989e-02,nan
3.882750000000000784e-02,nan
3.926850000000000479e-02,nan
3.970950000000000868e-02,nan
4.015050000000000563e-02,nan
4.059150000000000952e-02,nan
4.103350000000000747e-02,nan
4.147450000000000442e-02,nan
4.191550000000000831e-02,nan
4.235650000000000526e-02,nan
4.279750000000000915e-02,nan
4.323850000000000610e-02,nan
4.368050000000000405e-02,nan
4.412150000000000793e-02,nan
4.456250000000000488e-02,nan
4.500350000000000877e-02,nan
4.544450000000000572e-02,nan
4.588550000000000961e-02,nan
4.632750000000000756e-02,nan
4.676850000000000451e-02,nan
4.720950000000000840e-02,nan
4.765050000000000535e-02,nan
4.809150000000000924e-02,nan
4.853350000000000719e-02,nan
4.897450000000000414e-02,nan
4.941550000000000803e-02,nan
4.985650000000000498e-02,nan
5.029750000000000887e-02,nan
5.073850000000000582e-02,nan
5.118050000000000377e-02,nan
5.162150000000000072e-02,3.238000000000000000e+03
5.206250000000001155e-02,2.927000000000000000e+03
5.338550000000000240e-02,2.822000000000000000e+03
5.470950000000000812e-02,2.775000000000000000e+03
5.559150000000000202e-02,2.762000000000000000e+03
5.868050000000001043e-02,2.795000000000000000e+03
6.000350000000000128e-02,2.874000000000000000e+03
6.220950000000000091e-02,2.987000000000000000e+03
6.309150000000000869e-02,3.218000000000000000e+03
6.353350000000000664e-02,nan
6.397450000000000359e-02,nan
6.441550000000000054e-02,nan
6.485650000000001136e-02,nan
6.529750000000000831e-02,nan
6.573850000000000526e-02,nan
6.618050000000000321e-02,nan
6.662150000000000016e-02,nan
6.706250000000001099e-02,nan
6.750350000000000794e-02,nan
6.794450000000000489e-02,nan
6.838550000000000184e-02,nan
6.882750000000001367e-02,nan
6.926850000000001062e-02,nan
6.970950000000000757e-02,nan
7.015050000000000452e-02,nan
7.059150000000000147e-02,nan
7.103350000000001330e-02,nan
7.147450000000001025e-02,nan
7.191550000000000720e-02,nan
7.235650000000000415e-02,nan
7.279750000000000110e-02,nan
7.323850000000001192e-02,nan
7.368050000000000987e-02,nan
7.412150000000000682e-02,nan
7.456250000000000377e-02,nan
7.500350000000000072e-02,nan
7.500350000000000072e-02,nan
7.500350000000000072e-02,nan
7.537850000000000106e-02,2.979000000000000000e+03
7.575350000000000139e-02,2.886500000000000000e+03
7.612850000000000172e-02,2.817000000000000000e+03
7.650350000000000206e-02,2.763500000000000000e+03
7.725350000000000272e-02,2.678500000000000000e+03
7.762850000000000306e-02,2.517000000000000000e+03
7.837850000000000372e-02,2.401000000000000000e+03
7.875350000000000406e-02,2.361500000000000000e+03
7.912850000000000439e-02,2.332000000000000000e+03
7.987850000000000505e-02,2.326500000000000000e+03
8.025350000000000539e-02,2.304500000000000000e+03
8.062850000000000572e-02,2.279000000000000000e+03
8.100350000000000605e-02,2.253000000000000000e+03
8.137850000000000639e-02,2.300500000000000000e+03
8.212850000000000705e-02,2.302500000000000000e+03
8.250350000000000739e-02,2.303000000000000000e+03
8.287850000000000772e-02,2.304500000000000000e+03
8.325350000000000805e-02,2.306500000000000000e+03
8.400350000000000872e-02,2.315500000000000000e+03
8.437850000000000905e-02,2.323000000000000000e+03
8.475350000000000938e-02,2.326500000000000000e+03
8.550350000000001005e-02,2.334000000000000000e+03
8.625350000000001072e-02,2.341500000000000000e+03
8.700350000000001138e-02,2.349000000000000000e+03
8.737850000000001172e-02,2.364000000000000000e+03
8.812850000000001238e-02,2.367500000000000000e+03
8.925350000000001338e-02,2.371500000000000000e+03
8.962850000000001371e-02,2.382500000000000000e+03
9.000350000000000017e-02,2.390000000000000000e+03
9.075350000000000084e-02,2.405000000000000000e+03
9.112850000000000117e-02,2.412000000000000000e+03
9.150350000000000150e-02,2.423500000000000000e+03
9.225350000000000217e-02,2.434500000000000000e+03
9.262850000000000250e-02,2.445500000000000000e+03
9.337850000000000317e-02,2.453000000000000000e+03
9.375350000000000350e-02,2.460500000000000000e+03
9.412850000000000383e-02,2.475500000000000000e+03
9.450350000000000417e-02,2.483000000000000000e+03
9.487850000000000450e-02,2.509000000000000000e+03
9.525350000000000483e-02,2.520000000000000000e+03
9.562850000000000517e-02,2.561000000000000000e+03
9.600350000000000550e-02,2.621000000000000000e+03
9.637850000000000583e-02,2.684000000000000000e+03
9.712850000000000650e-02,2.781000000000000000e+03
9.750350000000000683e-02,2.814500000000000000e+03
9.787850000000000716e-02,nan
9.825350000000000750e-02,nan
9.862850000000000783e-02,nan
9.900350000000000816e-02,nan
9.937850000000000850e-02,nan
9.975350000000000883e-02,nan
1.001285000000000092e-01,nan
1.005035000000000095e-01,nan
1.008785000000000098e-01,nan
1.012535000000000102e-01,nan
1.016285000000000105e-01,nan
1.020035000000000108e-01,nan
1.023785000000000112e-01,nan
1.027535000000000115e-01,nan
1.035035000000000122e-01,nan
1.038785000000000125e-01,nan
1.042535000000000128e-01,nan
1.046285000000000132e-01,nan
1.050035000000000135e-01,nan
1.053785000000000138e-01,nan
1.057535000000000003e-01,nan
1.061285000000000006e-01,nan
1.065035000000000009e-01,nan
1.068785000000000013e-01,nan
1.072535000000000016e-01,nan
1.076285000000000019e-01,nan
1.080035000000000023e-01,nan
1.083785000000000026e-01,nan
1.087535000000000029e-01,2.844000000000000000e+03
1.091285000000000033e-01,2.762000000000000000e+03
1.095035000000000036e-01,2.431000000000000000e+03
1.102535000000000043e-01,2.344000000000000000e+03
1.110035000000000049e-01,2.323000000000000000e+03
1.113785000000000053e-01,2.319000000000000000e+03
1.121285000000000059e-01,2.319000000000000000e+03
1.125035000000000063e-01,2.320000000000000000e+03
1.128785000000000066e-01,2.321000000000000000e+03
1.132534999999999931e-01,2.323000000000000000e+03
1.136285000000000073e-01,2.323000000000000000e+03
1.140034999999999937e-01,2.324000000000000000e+03
1.143785000000000079e-01,2.326500000000000000e+03
1.155034999999999951e-01,2.330500000000000000e+03
1.166285000000000099e-01,2.338000000000000000e+03
1.170034999999999964e-01,2.345000000000000000e+03
1.173785000000000106e-01,2.352500000000000000e+03
1.177534999999999971e-01,2.360000000000000000e+03
1.185034999999999977e-01,2.367500000000000000e+03
1.192534999999999984e-01,2.375000000000000000e+03
1.196285000000000126e-01,2.382500000000000000e+03
1.203785000000000133e-01,2.393500000000000000e+03
1.211285000000000139e-01,2.412000000000000000e+03
1.215035000000000004e-01,2.423500000000000000e+03
1.222535000000000011e-01,2.438500000000000000e+03
1.230035000000000017e-01,2.453000000000000000e+03
1.237535000000000024e-01,2.479500000000000000e+03
1.245035000000000031e-01,2.494000000000000000e+03
1.252535000000000176e-01,2.520000000000000000e+03
1.256285000000000318e-01,2.546500000000000000e+03
1.260034999999999905e-01,2.561000000000000000e+03
1.263785000000000047e-01,2.628000000000000000e+03
1.271285000000000331e-01,2.700000000000000000e+03
1.275034999999999918e-01,2.732500000000000000e+03
1.282535000000000203e-01,3.045000000000000000e+03
1.286285000000000345e-01,nan
1.290034999999999932e-01,nan
1.293785000000000074e-01,nan
1.297535000000000216e-01,nan
1.301284999999999803e-01,nan
1.305034999999999945e-01,nan
1.308785000000000087e-01,nan
1.312535000000000229e-01,nan
1.316284999999999816e-01,nan
1.320034999999999958e-01,nan
1.323784999999999823e-01,nan
1.327534999999999965e-01,nan
1.331284999999999830e-01,nan
1.335034999999999972e-01,nan
1.338784999999999836e-01,nan
1.342534999999999978e-01,nan
1.346284999999999843e-01,nan
1.350034999999999985e-01,nan
1.353784999999999850e-01,nan
1.357534999999999992e-01,nan
1.361284999999999856e-01,nan
1.365034999999999998e-01,nan
1.368784999999999863e-01,nan
1.372535000000000005e-01,nan
1.376284999999999870e-01,nan
1.380035000000000012e-01,nan
1.383784999999999876e-01,nan
1.387535000000000018e-01,nan
1.391284999999999883e-01,nan
1.395035000000000025e-01,nan
1.398784999999999890e-01,nan
1.402535000000000032e-01,nan
1.406284999999999896e-01,nan
1.410035000000000038e-01,nan
1.413784999999999903e-01,3.019000000000000000e+03
1.417535000000000045e-01,2.786500000000000000e+03
1.421284999999999910e-01,2.613500000000000000e+03
1.425035000000000052e-01,2.403000000000000000e+03
1.428784999999999916e-01,2.297500000000000000e+03
1.432535000000000058e-01,2.215000000000000000e+03
1.436284999999999923e-01,2.124500000000000000e+03
1.447534999999999794e-01,2.011500000000000000e+03
1.462534999999999807e-01,1.876500000000000000e+03
1.473784999999999956e-01,1.763500000000000000e+03
1.481284999999999963e-01,1.658500000000000000e+03
1.500034999999999841e-01,1.553000000000000000e+03
1.511284999999999989e-01,1.425000000000000000e+03
1.533785000000000009e-01,1.282500000000000000e+03
