2.308799999999999741e-02,1.823000000000000000e+03
2.375000000000000028e-02,2.087000000000000000e+03
2.683799999999999381e-02,2.316000000000000000e+03
2.882399999999999546e-02,2.368000000000000000e+03
3.169099999999999695e-02,2.430000000000000000e+03
3.367699999999999860e-02,2.461000000000000000e+03
3.499999999999999639e-02,2.483000000000000000e+03
3.786799999999999888e-02,2.492000000000000000e+03
4.095599999999999935e-02,2.509000000000000000e+03
4.470599999999999574e-02,2.540000000000000000e+03
4.536799999999999861e-02,2.703000000000000000e+03
4.558799999999999658e-02,nan
4.580899999999999556e-02,nan
4.602999999999999453e-02,nan
4.624999999999999944e-02,nan
4.647099999999999842e-02,nan
4.669099999999999639e-02,nan
4.691199999999999537e-02,nan
4.713200000000000028e-02,nan
4.735299999999999926e-02,nan
4.757399999999999823e-02,nan
4.779399999999999621e-02,nan
4.801499999999999518e-02,nan
4.823500000000000010e-02,nan
4.845599999999999907e-02,nan
4.867699999999999805e-02,nan
4.889699999999999602e-02,nan
4.911799999999999500e-02,nan
4.933799999999999991e-02,nan
4.955899999999999889e-02,nan
4.977999999999999786e-02,nan
4.999999999999999584e-02,nan
5.022099999999999481e-02,nan
5.044099999999999973e-02,nan
5.066199999999999870e-02,nan
5.088199999999999668e-02,nan
5.110299999999999565e-02,nan
5.132399999999999463e-02,nan
5.154399999999999954e-02,nan
5.176499999999999851e-02,nan
5.198499999999999649e-02,nan
5.220599999999999546e-02,nan
5.242699999999999444e-02,nan
5.264699999999999935e-02,nan
5.286799999999999139e-02,nan
5.308800000000000324e-02,nan
5.330900000000000222e-02,nan
5.353000000000000119e-02,nan
5.374999999999999917e-02,nan
5.397099999999999814e-02,nan
5.419099999999999612e-02,nan
5.441199999999999509e-02,nan
5.463199999999999307e-02,nan
5.485299999999999204e-02,nan
5.507399999999999102e-02,nan
5.529400000000000287e-02,nan
5.551500000000000185e-02,nan
5.573499999999999982e-02,nan
5.595599999999999880e-02,nan
5.617699999999999777e-02,nan
5.639699999999999575e-02,nan
5.661799999999999472e-02,nan
5.683799999999999270e-02,nan
5.705899999999999167e-02,nan
5.727999999999999065e-02,nan
5.750000000000000250e-02,nan
5.772100000000000147e-02,nan
5.794099999999999945e-02,nan
5.816199999999999842e-02,nan
5.838199999999999640e-02,nan
5.860299999999999537e-02,nan
5.882399999999999435e-02,nan
5.904399999999999232e-02,nan
5.926499999999999130e-02,nan
5.948500000000000315e-02,nan
5.970600000000000213e-02,nan
5.992700000000000110e-02,nan
6.014699999999999908e-02,nan
6.036799999999999805e-02,nan
6.058799999999999603e-02,nan
6.080899999999999500e-02,nan
6.102999999999999398e-02,nan
6.124999999999999195e-02,nan
6.147099999999999093e-02,nan
6.169100000000000278e-02,nan
6.191200000000000175e-02,nan
6.213199999999999973e-02,nan
6.235299999999999870e-02,nan
6.257399999999999074e-02,nan
6.279399999999998871e-02,nan
6.301499999999998769e-02,nan
6.323499999999998566e-02,nan
6.345599999999998464e-02,nan
6.367699999999998361e-02,2.646000000000000000e+03
6.455900000000000527e-02,2.439000000000000000e+03
6.478000000000000425e-02,2.395000000000000000e+03
6.676499999999999102e-02,2.417000000000000000e+03
7.073499999999999233e-02,2.500000000000000000e+03
7.183799999999998520e-02,2.584000000000000000e+03
7.448499999999999566e-02,2.751000000000000000e+03
7.470599999999999463e-02,nan
7.492699999999999361e-02,nan
7.514699999999999158e-02,nan
7.536799999999999056e-02,nan
7.558799999999998853e-02,nan
7.580899999999998751e-02,nan
7.602999999999998648e-02,nan
7.624999999999998446e-02,nan
7.647099999999998343e-02,nan
7.669100000000000916e-02,nan
7.691200000000000814e-02,nan
7.713200000000000611e-02,nan
7.735300000000000509e-02,nan
7.757400000000000406e-02,nan
7.779400000000000204e-02,nan
7.801500000000000101e-02,nan
7.823499999999999899e-02,nan
7.845599999999999796e-02,nan
7.867699999999999694e-02,nan
7.889699999999999491e-02,nan
7.911799999999999389e-02,nan
7.933799999999999186e-02,nan
7.955899999999999084e-02,nan
7.977999999999998981e-02,nan
7.999999999999998779e-02,nan
8.022099999999998676e-02,nan
8.044099999999998474e-02,nan
8.066199999999998371e-02,nan
8.088200000000000944e-02,nan
8.110300000000000842e-02,nan
8.132400000000000739e-02,nan
8.154400000000000537e-02,nan
8.176500000000000434e-02,nan
8.198500000000000232e-02,nan
8.220600000000000129e-02,nan
8.242700000000000027e-02,nan
8.264699999999999824e-02,nan
8.286799999999999722e-02,nan
8.308799999999999519e-02,nan
8.330899999999999417e-02,nan
8.352999999999999314e-02,nan
8.374999999999999112e-02,nan
8.397099999999999009e-02,nan
8.419099999999998807e-02,nan
8.441199999999998704e-02,nan
8.463199999999998502e-02,nan
8.485299999999998399e-02,nan
8.507400000000001072e-02,nan
8.529400000000000870e-02,nan
8.551500000000000767e-02,nan
8.573500000000000565e-02,nan
8.595600000000000462e-02,nan
8.617700000000000360e-02,nan
8.639700000000000157e-02,nan
8.661800000000000055e-02,nan
8.683799999999999852e-02,nan
8.705899999999999750e-02,nan
8.728000000000001035e-02,nan
8.750000000000000833e-02,nan
8.772100000000000730e-02,nan
8.794100000000000528e-02,nan
8.816200000000000425e-02,nan
8.838200000000000223e-02,nan
8.860300000000000120e-02,nan
8.882400000000000018e-02,nan
8.904399999999999815e-02,nan
8.926499999999999713e-02,nan
8.926499999999999713e-02,nan
8.926499999999999713e-02,nan
8.970600000000000795e-02,2.756000000000000000e+03
9.102999999999999980e-02,2.716000000000000000e+03
9.147100000000001063e-02,2.670000000000000000e+03
9.500100000000000211e-02,2.584000000000000000e+03
9.808900000000000952e-02,2.551000000000000000e+03
9.985399999999999832e-02,2.531000000000000000e+03
1.002950000000000091e-01,2.531000000000000000e+03
1.007360000000000061e-01,2.531000000000000000e+03
1.020590000000000108e-01,2.531000000000000000e+03
1.029420000000000057e-01,2.544500000000000000e+03
1.042650000000000104e-01,2.584000000000000000e+03
1.060299999999999992e-01,2.650000000000000000e+03
1.069120000000000070e-01,2.703000000000000000e+03
1.077950000000000019e-01,2.888000000000000000e+03
1.082359999999999989e-01,nan
1.086770000000000097e-01,nan
1.091180000000000067e-01,nan
1.095590000000000036e-01,nan
1.100010000000000016e-01,nan
1.104419999999999985e-01,nan
1.108830000000000093e-01,nan
1.113240000000000063e-01,nan
1.117650000000000032e-01,nan
1.122060000000000002e-01,nan
1.126479999999999981e-01,nan
1.130890000000000090e-01,nan
1.135300000000000059e-01,nan
1.139710000000000029e-01,nan
1.144119999999999998e-01,nan
1.148539999999999978e-01,nan
1.152950000000000086e-01,nan
1.157360000000000055e-01,nan
1.161770000000000025e-01,nan
1.166179999999999994e-01,nan
1.170589999999999964e-01,nan
1.175009999999999943e-01,nan
1.179419999999999913e-01,nan
1.183830000000000160e-01,nan
1.188240000000000129e-01,nan
1.192650000000000099e-01,nan
1.197060000000000068e-01,nan
1.201480000000000048e-01,nan
1.205890000000000017e-01,nan
1.210299999999999987e-01,nan
1.214709999999999956e-01,nan
1.219119999999999926e-01,nan
1.223539999999999905e-01,2.861500000000000000e+03
1.227950000000000153e-01,2.709500000000000000e+03
1.232360000000000122e-01,2.478500000000000000e+03
1.236770000000000092e-01,2.432000000000000000e+03
1.263239999999999919e-01,2.399000000000000000e+03
1.272060000000000135e-01,2.386000000000000000e+03
1.294119999999999993e-01,2.365000000000000000e+03
1.298539999999999972e-01,2.359500000000000000e+03
1.307359999999999911e-01,2.355000000000000000e+03
1.320590000000000097e-01,2.340000000000000000e+03
1.325010000000000077e-01,2.306500000000000000e+03
1.369120000000000059e-01,2.260500000000000000e+03
