1.360300000000000398e-02,1.725000000000000000e+03
1.955900000000000347e-02,2.016000000000000000e+03
2.750000000000000361e-02,2.201000000000000000e+03
3.147100000000000591e-02,2.320000000000000000e+03
3.455900000000000638e-02,2.386000000000000000e+03
3.853000000000000175e-02,2.439000000000000000e+03
4.272100000000000203e-02,2.485000000000000000e+03
4.558800000000000352e-02,2.518000000000000000e+03
4.845600000000000601e-02,2.550000000000000000e+03
4.955900000000000583e-02,2.656000000000000000e+03
5.154400000000000648e-02,2.894000000000000000e+03
5.176500000000000545e-02,nan
5.198500000000000343e-02,nan
5.220600000000000240e-02,nan
5.242700000000000138e-02,nan
5.264700000000000629e-02,nan
5.286800000000000527e-02,nan
5.308800000000000324e-02,nan
5.330900000000000222e-02,nan
5.353000000000000119e-02,nan
5.375000000000000611e-02,nan
5.397100000000000508e-02,nan
5.419100000000000306e-02,nan
5.441200000000000203e-02,nan
5.463200000000000695e-02,nan
5.485300000000000592e-02,nan
5.507400000000000490e-02,nan
5.529400000000000287e-02,nan
5.551500000000000185e-02,nan
5.573499999999999982e-02,nan
5.595599999999999880e-02,nan
5.617699999999999777e-02,nan
5.639700000000000962e-02,nan
5.661800000000000860e-02,nan
5.683800000000000657e-02,nan
5.705900000000000555e-02,nan
5.728000000000000452e-02,nan
5.750000000000000250e-02,nan
5.772100000000000147e-02,nan
5.794099999999999945e-02,nan
5.816199999999999842e-02,nan
5.838200000000001028e-02,nan
5.860300000000000925e-02,nan
5.882400000000000823e-02,nan
5.904400000000000620e-02,nan
5.926500000000000518e-02,nan
5.948500000000000315e-02,nan
5.970600000000000213e-02,nan
5.992700000000000110e-02,nan
6.014699999999999908e-02,nan
6.036799999999999805e-02,nan
6.058800000000000990e-02,nan
6.080900000000000888e-02,nan
6.103000000000000785e-02,nan
6.125000000000000583e-02,nan
6.147100000000000480e-02,nan
6.169100000000000278e-02,nan
6.191200000000000175e-02,nan
6.213199999999999973e-02,nan
6.235299999999999870e-02,nan
6.257399999999999074e-02,nan
6.279400000000001647e-02,nan
6.301500000000001545e-02,nan
6.323500000000001342e-02,nan
6.345600000000001240e-02,nan
6.367700000000001137e-02,nan
6.389700000000000935e-02,nan
6.411800000000000832e-02,nan
6.433800000000000630e-02,nan
6.455900000000000527e-02,2.855000000000000000e+03
6.654399999999999205e-02,2.656000000000000000e+03
6.963199999999999945e-02,2.524000000000000000e+03
7.250000000000000888e-02,2.511000000000000000e+03
7.448499999999999566e-02,2.551000000000000000e+03
7.669100000000000916e-02,2.604000000000000000e+03
7.845600000000001184e-02,2.947000000000000000e+03
8.154400000000000537e-02,3.178000000000000000e+03
8.176500000000000434e-02,nan
8.198500000000001620e-02,nan
8.220600000000001517e-02,nan
8.242700000000001415e-02,nan
8.264700000000001212e-02,nan
8.286800000000001110e-02,nan
8.308800000000000907e-02,nan
8.330900000000000805e-02,nan
8.353000000000000702e-02,nan
8.375000000000000500e-02,nan
8.397100000000000397e-02,nan
8.419100000000001582e-02,nan
8.441200000000001480e-02,nan
8.463200000000001277e-02,nan
8.485300000000001175e-02,nan
8.507400000000001072e-02,nan
8.529400000000000870e-02,nan
8.551500000000000767e-02,nan
8.573500000000000565e-02,nan
8.595600000000000462e-02,nan
8.617700000000001748e-02,nan
8.639700000000001545e-02,nan
8.661800000000001443e-02,nan
8.683800000000001240e-02,nan
8.705900000000001138e-02,nan
8.728000000000001035e-02,nan
8.750000000000000833e-02,nan
8.772100000000000730e-02,nan
8.794100000000000528e-02,nan
8.816200000000000425e-02,nan
8.838200000000001610e-02,nan
8.860300000000001508e-02,nan
8.882400000000001405e-02,nan
8.904400000000001203e-02,nan
8.904400000000001203e-02,nan
8.904400000000001203e-02,nan
8.926500000000001100e-02,2.881000000000000000e+03
9.235300000000000453e-02,2.709000000000000000e+03
9.323600000000001331e-02,2.597000000000000000e+03
9.676500000000001767e-02,2.551000000000000000e+03
1.047060000000000074e-01,2.538000000000000000e+03
1.073530000000000040e-01,2.564000000000000000e+03
1.093390000000000056e-01,2.637000000000000000e+03
1.102210000000000134e-01,2.802000000000000000e+03
1.122060000000000141e-01,3.105000000000000000e+03
1.124270000000000130e-01,nan
1.126470000000000110e-01,nan
1.128680000000000100e-01,nan
1.130890000000000090e-01,nan
1.133090000000000069e-01,nan
1.135300000000000059e-01,nan
1.137500000000000039e-01,nan
1.139710000000000167e-01,nan
1.141920000000000157e-01,nan
1.144120000000000137e-01,nan
1.146330000000000127e-01,nan
1.148530000000000106e-01,nan
1.150740000000000096e-01,nan
1.152940000000000076e-01,nan
1.155150000000000066e-01,nan
1.157360000000000055e-01,nan
1.159560000000000174e-01,nan
1.161770000000000164e-01,nan
1.163970000000000143e-01,nan
1.166180000000000133e-01,nan
1.168390000000000123e-01,nan
1.170590000000000103e-01,nan
1.172800000000000092e-01,nan
1.175000000000000211e-01,nan
1.177210000000000201e-01,nan
1.179420000000000190e-01,nan
1.181620000000000170e-01,nan
1.183830000000000160e-01,nan
1.186030000000000140e-01,nan
1.188240000000000129e-01,nan
1.190440000000000109e-01,nan
1.192650000000000099e-01,nan
1.194860000000000089e-01,nan
1.197060000000000068e-01,nan
1.199270000000000058e-01,nan
1.201470000000000038e-01,nan
1.203680000000000028e-01,nan
1.205890000000000017e-01,nan
1.208089999999999997e-01,nan
1.210299999999999987e-01,nan
1.212500000000000244e-01,nan
1.214710000000000234e-01,nan
1.216920000000000224e-01,nan
1.219120000000000203e-01,nan
1.221330000000000193e-01,nan
1.223530000000000173e-01,nan
1.225740000000000163e-01,nan
1.227940000000000142e-01,nan
1.230150000000000132e-01,nan
1.232360000000000122e-01,nan
1.234560000000000102e-01,nan
1.236770000000000092e-01,nan
1.238970000000000071e-01,nan
1.241180000000000061e-01,nan
1.243390000000000051e-01,3.026000000000000000e+03
1.245590000000000031e-01,2.597000000000000000e+03
1.252209999999999990e-01,2.524000000000000000e+03
1.283090000000000064e-01,2.465000000000000000e+03
1.305150000000000199e-01,2.452000000000000000e+03
1.338239999999999985e-01,2.406000000000000000e+03
1.375740000000000018e-01,2.359000000000000000e+03
1.402210000000000123e-01,2.280000000000000000e+03
1.419860000000000011e-01,2.148000000000000000e+03
1.444120000000000126e-01,1.957000000000000000e+03
1.463969999999999994e-01,1.772000000000000000e+03
