2.044099999999999390e-02,1.732727349000000004e+03
2.264699999999999699e-02,1.849427282000000105e+03
2.308799999999999394e-02,1.857724723000000040e+03
2.352899999999999783e-02,1.908119824000000108e+03
2.397099999999999578e-02,1.982804744999999912e+03
2.441199999999999273e-02,2.022822474999999940e+03
2.485299999999999662e-02,2.051000000000000000e+03
2.529399999999999357e-02,2.085000000000000000e+03
2.573499999999999746e-02,2.099000000000000000e+03
2.617599999999999441e-02,2.129000000000000000e+03
2.661799999999999236e-02,2.146000000000000000e+03
2.705899999999999625e-02,2.186000000000000000e+03
2.749999999999999320e-02,2.202000000000000000e+03
2.794099999999999709e-02,2.189000000000000000e+03
2.838199999999999404e-02,2.187000000000000000e+03
2.882299999999999099e-02,2.214000000000000000e+03
2.926499999999999588e-02,2.253000000000000000e+03
2.970599999999999283e-02,2.265000000000000000e+03
3.014699999999999672e-02,2.248000000000000000e+03
3.058799999999999367e-02,2.234000000000000000e+03
3.102899999999999756e-02,2.250000000000000000e+03
3.147099999999999898e-02,2.260000000000000000e+03
3.191199999999999593e-02,2.260000000000000000e+03
3.235299999999999288e-02,2.253000000000000000e+03
3.279399999999998983e-02,2.252000000000000000e+03
3.323500000000000065e-02,2.253000000000000000e+03
3.367599999999999760e-02,2.252000000000000000e+03
3.411799999999999555e-02,2.254000000000000000e+03
3.455899999999999250e-02,2.258000000000000000e+03
3.499999999999998945e-02,2.265000000000000000e+03
3.544100000000000028e-02,2.279000000000000000e+03
3.588199999999999723e-02,2.283000000000000000e+03
3.632299999999999418e-02,2.287000000000000000e+03
3.676499999999999213e-02,2.286000000000000000e+03
3.720599999999998908e-02,2.291000000000000000e+03
3.764699999999999991e-02,2.304000000000000000e+03
3.808799999999999686e-02,2.318000000000000000e+03
3.852899999999999381e-02,2.323000000000000000e+03
3.897099999999999176e-02,2.304000000000000000e+03
3.941199999999998871e-02,2.293000000000000000e+03
3.985299999999999954e-02,2.302000000000000000e+03
4.029399999999999649e-02,2.318000000000000000e+03
4.073499999999999344e-02,2.331000000000000000e+03
4.117599999999999039e-02,2.317000000000000000e+03
4.161799999999998834e-02,2.310000000000000000e+03
4.205899999999999916e-02,2.295000000000000000e+03
4.249999999999999611e-02,2.299000000000000000e+03
4.294099999999999306e-02,2.302000000000000000e+03
4.338199999999999001e-02,2.313000000000000000e+03
4.382300000000000084e-02,2.316000000000000000e+03
4.426499999999999879e-02,2.324000000000000000e+03
4.470599999999999574e-02,2.327000000000000000e+03
4.514699999999999269e-02,2.342000000000000000e+03
4.558799999999998964e-02,2.353000000000000000e+03
4.602900000000000047e-02,2.358000000000000000e+03
4.647099999999999842e-02,2.362000000000000000e+03
4.691199999999999537e-02,2.365000000000000000e+03
4.735299999999999232e-02,2.373000000000000000e+03
4.779399999999998927e-02,2.393000000000000000e+03
4.823500000000000010e-02,2.398000000000000000e+03
4.867599999999999705e-02,2.405000000000000000e+03
4.911799999999999500e-02,2.402000000000000000e+03
4.955899999999999195e-02,2.417000000000000000e+03
4.999999999999998890e-02,2.426000000000000000e+03
5.044099999999999973e-02,2.439000000000000000e+03
5.176499999999999851e-02,3.046000000000000000e+03
5.220599999999999546e-02,nan
5.264699999999999935e-02,nan
5.308799999999999630e-02,nan
5.352900000000000019e-02,nan
5.397099999999999120e-02,nan
5.441200000000000203e-02,nan
5.485299999999999898e-02,nan
5.529399999999999593e-02,nan
5.573499999999999288e-02,nan
5.617600000000000371e-02,nan
5.661800000000000166e-02,nan
5.705899999999999861e-02,nan
5.749999999999999556e-02,nan
5.794099999999999251e-02,nan
5.838200000000000334e-02,nan
5.882300000000000029e-02,nan
5.926499999999999824e-02,nan
5.970599999999999519e-02,nan
6.014699999999999214e-02,nan
6.058800000000000296e-02,nan
6.102899999999999991e-02,nan
6.147099999999999786e-02,nan
6.191199999999999481e-02,nan
6.235299999999999176e-02,nan
6.279400000000000259e-02,nan
6.323499999999999954e-02,2.770000000000000000e+03
6.367599999999999649e-02,2.637000000000000000e+03
6.544099999999999917e-02,2.457190318999999818e+03
6.588199999999999612e-02,2.421105337999999847e+03
6.632299999999999307e-02,2.426788879000000179e+03
6.676499999999999102e-02,2.422050153000000137e+03
6.808799999999999575e-02,2.422514055000000099e+03
6.985299999999999843e-02,2.425307342000000062e+03
7.029399999999999538e-02,2.428612947000000077e+03
7.073499999999999233e-02,2.427638824000000113e+03
7.117600000000000315e-02,2.426680719999999837e+03
7.161800000000000110e-02,2.420902136000000155e+03
7.205899999999999805e-02,2.418932574999999815e+03
7.249999999999999500e-02,2.422277253000000201e+03
7.294099999999999195e-02,2.420232684999999947e+03
7.382299999999999973e-02,2.427523310000000038e+03
7.426499999999999768e-02,2.428030698000000029e+03
7.470599999999999463e-02,2.425010651999999936e+03
7.514699999999999158e-02,2.424889457000000220e+03
7.558800000000000241e-02,2.456204354999999850e+03
7.691199999999999426e-02,2.478397162000000208e+03
7.735299999999999121e-02,2.521204069999999774e+03
7.779400000000000204e-02,2.561472796000000017e+03
7.823499999999999899e-02,2.580880142999999862e+03
7.867599999999999594e-02,2.593532897000000048e+03
7.911799999999999389e-02,2.668885506000000078e+03
8.000000000000000167e-02,2.792254672000000028e+03
8.044099999999999862e-02,2.824542214000000058e+03
8.088199999999999557e-02,3.057091734000000088e+03
8.132299999999999252e-02,3.193300200000000132e+03
8.264699999999999824e-02,nan
8.308799999999999519e-02,nan
8.352899999999999214e-02,nan
8.397100000000001785e-02,nan
8.441200000000001480e-02,nan
8.485300000000001175e-02,nan
8.529400000000000870e-02,nan
8.573500000000000565e-02,nan
8.617600000000000260e-02,nan
8.661800000000000055e-02,nan
8.705899999999999750e-02,nan
8.749999999999999445e-02,nan
8.794099999999999140e-02,nan
8.838200000000001610e-02,nan
8.882300000000001305e-02,nan
8.926500000000001100e-02,nan
8.970600000000000795e-02,nan
9.014700000000000490e-02,nan
9.058800000000000185e-02,nan
9.102899999999999880e-02,nan
9.147099999999999675e-02,nan
9.191199999999999370e-02,nan
9.235300000000001841e-02,nan
9.279400000000001536e-02,nan
9.323500000000001231e-02,nan
9.367600000000000926e-02,nan
9.411800000000000721e-02,nan
9.455900000000000416e-02,nan
9.455900000000000416e-02,nan
9.455900000000000416e-02,nan
9.500100000000000211e-02,2.782000000000000000e+03
9.985299999999999732e-02,2.551000000000000000e+03
1.002949999999999953e-01,2.524000000000000000e+03
1.016180000000000139e-01,2.531000000000000000e+03
1.086769999999999958e-01,2.584000000000000000e+03
1.117650000000000032e-01,2.643000000000000000e+03
1.130889999999999951e-01,2.894000000000000000e+03
1.148530000000000106e-01,2.967000000000000000e+03
1.179420000000000190e-01,3.072000000000000000e+03
1.205890000000000017e-01,3.029000000000000000e+03
1.219120000000000203e-01,3.026000000000000000e+03
1.245590000000000031e-01,2.907000000000000000e+03
1.258830000000000227e-01,2.835000000000000000e+03
1.276480000000000115e-01,2.419000000000000000e+03
1.298530000000000240e-01,2.406000000000000000e+03
1.316180000000000128e-01,2.373000000000000000e+03
1.338239999999999985e-01,2.300000000000000000e+03
1.347060000000000202e-01,2.168000000000000000e+03
1.355890000000000151e-01,2.069000000000000000e+03
1.395590000000000164e-01,1.785000000000000000e+03
