1.602950000000000208e-02,1.745000000000000000e+03
2.397050000000000569e-02,2.240000000000000000e+03
2.661750000000000227e-02,2.340000000000000000e+03
2.970550000000000274e-02,2.346000000000000000e+03
3.257350000000000523e-02,2.359000000000000000e+03
3.455850000000000588e-02,2.386000000000000000e+03
3.919050000000000311e-02,2.386000000000000000e+03
4.139650000000000274e-02,2.392000000000000000e+03
4.470550000000000218e-02,2.432000000000000000e+03
4.691150000000000181e-02,2.505000000000000000e+03
4.977950000000000430e-02,2.584000000000000000e+03
5.154350000000000598e-02,2.848000000000000000e+03
5.176450000000000495e-02,nan
5.198450000000000293e-02,nan
5.220550000000000190e-02,nan
5.242650000000000088e-02,nan
5.264650000000000579e-02,nan
5.286750000000000477e-02,nan
5.308750000000000274e-02,nan
5.330850000000000172e-02,nan
5.352950000000000069e-02,nan
5.374949999999999867e-02,nan
5.397049999999999764e-02,nan
5.419050000000000950e-02,nan
5.441150000000000847e-02,nan
5.463150000000000645e-02,nan
5.485250000000000542e-02,nan
5.507350000000000440e-02,nan
5.529350000000000237e-02,nan
5.551450000000000135e-02,nan
5.573449999999999932e-02,nan
5.595549999999999830e-02,nan
5.617649999999999727e-02,nan
5.639650000000000912e-02,nan
5.661750000000000810e-02,nan
5.683750000000000607e-02,nan
5.705850000000000505e-02,nan
5.727950000000000402e-02,nan
5.749950000000000200e-02,nan
5.772050000000000097e-02,nan
5.794049999999999895e-02,nan
5.816149999999999792e-02,nan
5.838149999999999590e-02,nan
5.860250000000000875e-02,nan
5.882350000000000773e-02,nan
5.904350000000000570e-02,nan
5.926450000000000468e-02,nan
5.948450000000000265e-02,nan
5.970550000000000163e-02,nan
5.992650000000000060e-02,nan
6.014649999999999858e-02,nan
6.036749999999999755e-02,nan
6.058750000000000940e-02,nan
6.080850000000000838e-02,2.835000000000000000e+03
6.522050000000001457e-02,2.557000000000000000e+03
6.566150000000001152e-02,2.472000000000000000e+03
6.764649999999999830e-02,2.465000000000000000e+03
6.963150000000001283e-02,2.452000000000000000e+03
7.051450000000000773e-02,2.452000000000000000e+03
7.470550000000000801e-02,2.524000000000000000e+03
7.669049999999999478e-02,2.656000000000000000e+03
7.779350000000001542e-02,2.835000000000000000e+03
7.801450000000001439e-02,nan
7.823450000000001237e-02,nan
7.845550000000001134e-02,nan
7.867650000000001032e-02,nan
7.889650000000000829e-02,nan
7.911750000000000727e-02,nan
7.933750000000000524e-02,nan
7.955850000000000422e-02,nan
7.977950000000000319e-02,nan
7.999950000000001504e-02,nan
8.022050000000001402e-02,nan
8.044050000000001199e-02,nan
8.066150000000001097e-02,nan
8.088150000000000894e-02,nan
8.110250000000000792e-02,nan
8.132350000000000689e-02,nan
8.154350000000000487e-02,nan
8.176450000000000384e-02,nan
8.198450000000001570e-02,nan
8.220550000000001467e-02,nan
8.242650000000001365e-02,nan
8.264650000000001162e-02,nan
8.286750000000001060e-02,nan
8.308750000000000857e-02,nan
8.330850000000000755e-02,nan
8.352950000000000652e-02,nan
8.374950000000000450e-02,nan
8.397050000000000347e-02,nan
8.419050000000001532e-02,nan
8.441150000000001430e-02,nan
8.463150000000001227e-02,nan
8.485250000000001125e-02,nan
8.507350000000001022e-02,nan
8.529350000000000820e-02,nan
8.551450000000000717e-02,nan
8.573450000000000515e-02,nan
8.595550000000000412e-02,nan
8.617650000000000310e-02,nan
8.639650000000001495e-02,nan
8.661750000000001393e-02,nan
8.683750000000001190e-02,nan
8.705850000000001088e-02,nan
8.727950000000000985e-02,nan
8.749950000000000783e-02,nan
8.772050000000000680e-02,nan
8.794050000000000478e-02,nan
8.816150000000000375e-02,nan
8.838150000000001560e-02,nan
8.860250000000001458e-02,nan
8.882350000000001355e-02,nan
8.904350000000001153e-02,nan
8.926450000000001050e-02,nan
8.948450000000000848e-02,nan
8.970550000000000745e-02,nan
8.970550000000000745e-02,nan
8.970550000000000745e-02,nan
8.992650000000000643e-02,2.725000000000000000e+03
9.125050000000001216e-02,2.610000000000000000e+03
9.279450000000001586e-02,2.558000000000000000e+03
9.411750000000000671e-02,2.527000000000000000e+03
9.566150000000001041e-02,2.509000000000000000e+03
9.852950000000000597e-02,2.514000000000000000e+03
1.011765000000000164e-01,2.544000000000000000e+03
1.029415000000000052e-01,2.615000000000000000e+03
1.049265000000000059e-01,2.839000000000000000e+03
1.051475000000000048e-01,nan
1.053675000000000028e-01,nan
1.055885000000000157e-01,nan
1.058085000000000137e-01,nan
1.060295000000000126e-01,nan
1.062505000000000116e-01,nan
1.064705000000000096e-01,nan
1.066915000000000086e-01,nan
1.069115000000000065e-01,nan
1.071325000000000055e-01,nan
1.073525000000000035e-01,nan
1.075735000000000163e-01,nan
1.077945000000000153e-01,nan
1.080145000000000133e-01,nan
1.082355000000000123e-01,nan
1.084555000000000102e-01,nan
1.086765000000000092e-01,nan
1.088975000000000082e-01,nan
1.091175000000000062e-01,nan
1.093385000000000051e-01,nan
1.095585000000000031e-01,nan
1.097795000000000160e-01,nan
1.100005000000000149e-01,nan
1.102205000000000129e-01,nan
1.104415000000000119e-01,nan
1.106615000000000099e-01,nan
1.108825000000000088e-01,nan
1.111025000000000068e-01,nan
1.113235000000000058e-01,nan
1.115445000000000048e-01,nan
1.117645000000000027e-01,nan
1.119855000000000156e-01,nan
1.122055000000000136e-01,nan
1.124265000000000125e-01,nan
1.126475000000000115e-01,nan
1.128675000000000095e-01,nan
1.130885000000000085e-01,nan
1.133085000000000064e-01,nan
1.135295000000000054e-01,nan
1.137505000000000044e-01,nan
1.139705000000000162e-01,nan
1.141915000000000152e-01,nan
1.144115000000000132e-01,nan
1.146325000000000122e-01,nan
1.148525000000000101e-01,nan
1.150735000000000091e-01,nan
1.152945000000000081e-01,nan
1.155145000000000199e-01,nan
1.157355000000000189e-01,nan
1.159555000000000169e-01,nan
1.161765000000000159e-01,nan
1.163975000000000148e-01,nan
1.166175000000000128e-01,nan
1.168385000000000118e-01,nan
1.170585000000000098e-01,nan
1.172795000000000087e-01,nan
1.175005000000000077e-01,nan
1.177205000000000057e-01,nan
1.179415000000000047e-01,nan
1.181615000000000026e-01,nan
1.183825000000000016e-01,nan
1.186024999999999996e-01,nan
1.188234999999999986e-01,nan
1.190444999999999975e-01,2.866000000000000000e+03
1.214705000000000090e-01,2.434000000000000000e+03
1.238975000000000215e-01,2.448000000000000000e+03
1.278675000000000228e-01,2.461000000000000000e+03
1.291915000000000147e-01,2.465000000000000000e+03
1.300735000000000086e-01,2.465000000000000000e+03
1.340445000000000109e-01,2.426000000000000000e+03
1.366915000000000213e-01,2.355000000000000000e+03
1.406615000000000226e-01,2.166000000000000000e+03
1.439705000000000013e-01,1.792000000000000000e+03
