1.856600000000000611e-02,1.732000000000000000e+03
2.055100000000000676e-02,1.917000000000000000e+03
2.209600000000000453e-02,2.155000000000000000e+03
2.341900000000000232e-02,2.240000000000000000e+03
2.430100000000000315e-02,2.293000000000000000e+03
2.628700000000000481e-02,2.340000000000000000e+03
2.915400000000000630e-02,2.359000000000000000e+03
3.025700000000000611e-02,2.386000000000000000e+03
3.047800000000000509e-02,2.386000000000000000e+03
3.246300000000000574e-02,2.400000000000000000e+03
3.356600000000000555e-02,2.406000000000000000e+03
3.643400000000000805e-02,2.445000000000000000e+03
3.753700000000000786e-02,2.452000000000000000e+03
3.930100000000000260e-02,2.485000000000000000e+03
4.084600000000000730e-02,2.531000000000000000e+03
4.437500000000000472e-02,2.604000000000000000e+03
4.790400000000000214e-02,2.769000000000000000e+03
4.812500000000000805e-02,3.105000000000000000e+03
4.834600000000000702e-02,nan
4.856600000000000500e-02,nan
4.878700000000000397e-02,nan
4.900700000000000195e-02,nan
4.922800000000000786e-02,nan
4.944900000000000684e-02,nan
4.966900000000000481e-02,nan
4.989000000000000379e-02,nan
5.011000000000000176e-02,nan
5.033100000000000768e-02,nan
5.055100000000000565e-02,nan
5.077200000000000463e-02,nan
5.099300000000000360e-02,nan
5.121300000000000158e-02,nan
5.143400000000000055e-02,nan
5.165399999999999853e-02,nan
5.187500000000001138e-02,nan
5.209600000000001035e-02,nan
5.231600000000000833e-02,nan
5.253700000000000730e-02,nan
5.275700000000000528e-02,nan
5.297800000000000425e-02,nan
5.319900000000000323e-02,nan
5.341900000000000120e-02,nan
5.364000000000000018e-02,nan
5.386000000000001203e-02,nan
5.408100000000001101e-02,nan
5.430100000000000898e-02,nan
5.452200000000000796e-02,nan
5.474300000000000693e-02,nan
5.496300000000000491e-02,nan
5.518400000000000388e-02,nan
5.540400000000000186e-02,nan
5.562500000000000083e-02,nan
5.584599999999999981e-02,nan
5.606600000000001166e-02,nan
5.628700000000001064e-02,nan
5.650700000000000861e-02,nan
5.672800000000000759e-02,nan
5.694900000000000656e-02,nan
5.716900000000000454e-02,nan
5.739000000000000351e-02,nan
5.761000000000000149e-02,nan
5.783100000000000046e-02,nan
5.805099999999999844e-02,nan
5.827200000000001129e-02,nan
5.849300000000001026e-02,nan
5.871300000000000824e-02,nan
5.893400000000000721e-02,nan
5.915400000000000519e-02,3.172000000000000000e+03
6.003700000000000009e-02,2.848000000000000000e+03
6.025700000000001194e-02,2.683000000000000000e+03
6.158100000000000379e-02,2.515000000000000000e+03
6.577199999999999713e-02,2.498000000000000000e+03
6.841900000000000759e-02,2.524000000000000000e+03
7.128700000000001702e-02,2.564000000000000000e+03
7.216900000000001092e-02,2.637000000000000000e+03
7.415399999999999769e-02,3.072000000000000000e+03
7.437499999999999667e-02,nan
7.459599999999999564e-02,nan
7.481599999999999362e-02,nan
7.503699999999999259e-02,nan
7.525700000000001832e-02,nan
7.547800000000001730e-02,nan
7.569900000000001627e-02,nan
7.591900000000001425e-02,nan
7.614000000000001322e-02,nan
7.636000000000001120e-02,nan
7.658100000000001017e-02,nan
7.680100000000000815e-02,nan
7.702200000000000712e-02,nan
7.724300000000000610e-02,nan
7.746300000000000407e-02,nan
7.768400000000000305e-02,nan
7.790400000000000102e-02,nan
7.812500000000000000e-02,nan
7.834599999999999898e-02,nan
7.856599999999999695e-02,nan
7.878699999999999593e-02,nan
7.900699999999999390e-02,nan
7.922799999999999288e-02,nan
7.944899999999999185e-02,nan
7.966900000000001758e-02,nan
7.989000000000001656e-02,nan
8.011000000000001453e-02,nan
8.033100000000001351e-02,nan
8.055100000000001148e-02,nan
8.077200000000001046e-02,nan
8.099300000000000943e-02,nan
8.121300000000000741e-02,nan
8.143400000000000638e-02,nan
8.165400000000000436e-02,nan
8.187500000000000333e-02,nan
8.209600000000000231e-02,nan
8.231600000000000028e-02,nan
8.253699999999999926e-02,nan
8.275699999999999723e-02,nan
8.297799999999999621e-02,nan
8.319899999999999518e-02,nan
8.341899999999999316e-02,nan
8.363999999999999213e-02,nan
8.386000000000001786e-02,nan
8.408100000000001684e-02,nan
8.430100000000001481e-02,nan
8.452200000000001379e-02,nan
8.474300000000001276e-02,nan
8.496300000000001074e-02,nan
8.518400000000000971e-02,nan
8.540400000000000769e-02,nan
8.562500000000000666e-02,nan
8.584600000000000564e-02,nan
8.606600000000000361e-02,nan
8.628700000000000259e-02,nan
8.650700000000000056e-02,nan
8.672799999999999954e-02,nan
8.694899999999999851e-02,nan
8.716899999999999649e-02,nan
8.738999999999999546e-02,nan
8.760999999999999344e-02,nan
8.783099999999999241e-02,nan
8.783099999999999241e-02,nan
8.783099999999999241e-02,nan
8.805100000000001814e-02,2.934000000000000000e+03
9.003700000000000592e-02,2.736000000000000000e+03
9.202199999999999269e-02,2.590000000000000000e+03
9.400700000000000722e-02,2.518000000000000000e+03
9.665400000000001768e-02,2.505000000000000000e+03
9.753700000000001258e-02,2.491000000000000000e+03
1.010660000000000169e-01,2.524000000000000000e+03
1.030510000000000037e-01,2.577000000000000000e+03
1.050369999999999915e-01,2.709000000000000000e+03
1.090069999999999928e-01,3.119000000000000000e+03
1.092279999999999918e-01,nan
1.094480000000000175e-01,nan
1.096690000000000165e-01,nan
1.098900000000000154e-01,nan
1.101100000000000134e-01,nan
1.103310000000000124e-01,nan
1.105510000000000104e-01,nan
1.107720000000000093e-01,nan
1.109930000000000083e-01,nan
1.112130000000000063e-01,nan
1.114340000000000053e-01,nan
1.116540000000000032e-01,nan
1.118750000000000022e-01,nan
1.120960000000000012e-01,nan
1.123159999999999992e-01,nan
1.125369999999999981e-01,nan
1.127569999999999961e-01,nan
1.129780000000000229e-01,nan
1.131980000000000208e-01,nan
1.134190000000000198e-01,nan
1.136400000000000188e-01,nan
1.138600000000000168e-01,nan
1.140810000000000157e-01,nan
1.143010000000000137e-01,nan
1.145220000000000127e-01,nan
1.147430000000000117e-01,nan
1.149630000000000096e-01,nan
1.151840000000000086e-01,nan
1.154040000000000066e-01,nan
1.156250000000000056e-01,nan
1.158460000000000045e-01,nan
1.160660000000000025e-01,nan
1.162870000000000015e-01,nan
1.165069999999999995e-01,nan
1.167279999999999984e-01,nan
1.169480000000000242e-01,nan
1.171690000000000231e-01,nan
1.173900000000000221e-01,nan
1.176100000000000201e-01,nan
1.178310000000000191e-01,nan
1.180510000000000170e-01,nan
1.182720000000000160e-01,nan
1.184930000000000150e-01,nan
1.187130000000000130e-01,nan
1.189340000000000119e-01,nan
1.191540000000000099e-01,nan
1.193750000000000089e-01,nan
1.195960000000000079e-01,2.623000000000000000e+03
1.220220000000000193e-01,2.538000000000000000e+03
1.240070000000000061e-01,2.472000000000000000e+03
1.255510000000000237e-01,2.412000000000000000e+03
1.259930000000000216e-01,2.379000000000000000e+03
1.299630000000000229e-01,2.373000000000000000e+03
1.326100000000000056e-01,2.366000000000000000e+03
1.341540000000000232e-01,2.481000000000000000e+03
1.359190000000000120e-01,2.320000000000000000e+03
1.390070000000000194e-01,2.293000000000000000e+03
1.414340000000000042e-01,1.890000000000000000e+03
