2.075000000000001843e-02,1.154134499999999889e+03
2.150000000000004685e-02,1.220064274000000069e+03
2.225000000000007527e-02,1.285011805000000095e+03
2.300000000000010369e-02,1.316663882999999942e+03
2.374999999999991007e-02,1.352817013000000088e+03
2.449999999999993849e-02,1.400079471999999896e+03
2.524999999999996692e-02,1.442391317999999956e+03
2.599999999999999534e-02,1.479111253999999917e+03
2.675000000000002376e-02,1.520709517000000005e+03
2.750000000000005218e-02,1.560624808999999914e+03
2.825000000000008060e-02,1.589948979999999892e+03
2.899999999999988698e-02,1.601530688000000055e+03
2.974999999999991540e-02,1.618870871000000079e+03
3.049999999999994382e-02,1.636235709000000043e+03
3.124999999999997224e-02,1.653731753999999910e+03
3.200000000000000067e-02,1.675251856999999973e+03
3.275000000000002909e-02,1.678718493000000080e+03
3.350000000000005751e-02,1.694902579999999944e+03
3.425000000000008593e-02,1.746066336999999976e+03
3.499999999999989231e-02,1.846534106999999949e+03
3.574999999999992073e-02,1.853000931999999921e+03
3.649999999999994915e-02,1.863301562000000104e+03
3.724999999999997757e-02,2.015866903000000093e+03
3.800000000000000600e-02,1.917831963999999971e+03
3.875000000000003442e-02,2.000032887000000073e+03
3.950000000000006284e-02,1.938974807000000055e+03
4.025000000000009126e-02,1.980207445999999891e+03
4.099999999999989764e-02,2.032017984999999953e+03
4.174999999999992606e-02,2.249889983000000029e+03
4.249999999999995448e-02,2.305366849999999886e+03
4.324999999999998290e-02,2.295135644999999840e+03
4.400000000000001132e-02,2.238127029000000221e+03
4.475000000000003975e-02,2.241094433000000208e+03
4.550000000000006817e-02,2.276695636999999806e+03
4.625000000000009659e-02,2.366247655000000123e+03
4.699999999999990297e-02,2.493844269000000168e+03
4.774999999999993139e-02,2.642621800999999778e+03
4.849999999999995981e-02,2.683208998999999949e+03
4.924999999999998823e-02,2.740646760000000086e+03
5.000000000000001665e-02,2.720403287000000091e+03
5.075000000000004508e-02,2.733150990000000093e+03
5.150000000000007350e-02,2.740243239999999787e+03
5.225000000000010192e-02,2.739751706999999897e+03
5.299999999999990830e-02,2.738953290999999808e+03
5.374999999999993672e-02,2.738761949000000186e+03
5.449999999999996514e-02,2.745603297000000111e+03
5.524999999999999356e-02,2.743621431000000030e+03
5.600000000000002198e-02,2.770482266999999865e+03
5.675000000000005040e-02,2.766190887000000203e+03
5.750000000000007883e-02,2.761897382000000107e+03
5.824999999999988520e-02,2.780232954999999947e+03
5.899999999999991362e-02,2.782437197000000197e+03
5.974999999999994205e-02,2.785130697000000055e+03
6.049999999999997047e-02,2.792816627000000153e+03
6.124999999999977685e-02,2.795936186999999791e+03
6.199999999999980527e-02,2.799611215999999786e+03
6.274999999999983369e-02,2.804452744000000166e+03
6.349999999999986211e-02,2.801608518999999887e+03
6.424999999999989053e-02,2.812104820000000018e+03
6.499999999999991895e-02,2.805407311999999820e+03
6.574999999999994738e-02,2.810502034000000094e+03
6.649999999999997580e-02,2.805897217000000182e+03
6.725000000000000422e-02,2.799537507000000005e+03
6.800000000000003264e-02,2.816620218000000023e+03
6.875000000000006106e-02,2.823852166000000125e+03
6.950000000000008948e-02,2.843386341999999786e+03
7.025000000000011791e-02,2.839176918999999998e+03
7.100000000000014633e-02,2.845782463000000007e+03
7.175000000000017475e-02,2.852311224000000038e+03
7.250000000000020317e-02,2.858034626000000117e+03
7.324999999999978750e-02,2.870665024999999787e+03
7.399999999999981593e-02,2.875123502999999801e+03
7.474999999999984435e-02,2.901502474999999777e+03
7.549999999999987277e-02,2.925522426999999880e+03
7.624999999999990119e-02,2.932218001000000186e+03
7.699999999999992961e-02,2.934559321000000182e+03
7.774999999999995803e-02,2.922826520999999957e+03
7.849999999999998646e-02,2.924052806000000146e+03
7.925000000000001488e-02,2.922896910999999818e+03
8.000000000000004330e-02,2.926298486000000139e+03
8.075000000000007172e-02,2.915114039000000048e+03
8.150000000000010014e-02,2.904340538999999808e+03
8.225000000000012856e-02,2.899583637000000181e+03
8.300000000000015699e-02,2.890300553000000036e+03
8.375000000000018541e-02,2.885772008999999798e+03
8.450000000000021383e-02,2.885301797999999962e+03
8.524999999999979816e-02,2.888309017000000040e+03
8.599999999999982658e-02,2.885320814000000155e+03
8.674999999999985500e-02,2.885613993999999821e+03
8.749999999999988343e-02,2.883926128000000062e+03
8.824999999999991185e-02,2.872145945000000211e+03
8.899999999999994027e-02,2.872541207000000213e+03
8.974999999999996869e-02,2.864921328999999787e+03
9.049999999999999711e-02,2.864111447000000226e+03
9.125000000000002554e-02,2.860848817999999937e+03
9.200000000000005396e-02,2.857104324999999790e+03
9.275000000000008238e-02,2.852651799000000210e+03
9.350000000000011080e-02,2.847958078999999998e+03
9.425000000000013922e-02,2.830593175999999858e+03
9.500000000000016764e-02,2.825697510999999849e+03
9.575000000000019607e-02,2.803245453999999881e+03
9.649999999999978040e-02,2.785919050999999854e+03
9.724999999999980882e-02,2.770363014999999905e+03
9.799999999999983724e-02,2.758340369000000010e+03
9.874999999999986566e-02,2.742274002999999993e+03
9.949999999999989408e-02,2.732394084000000021e+03
1.002499999999999225e-01,2.720849761999999828e+03
1.009999999999999509e-01,2.719822277000000213e+03
1.017499999999999793e-01,2.713991382000000158e+03
1.025000000000000078e-01,2.694673792999999932e+03
1.032500000000000362e-01,2.644376377999999931e+03
1.040000000000000646e-01,2.550148732999999993e+03
1.047500000000000930e-01,2.499944993000000068e+03
1.055000000000001215e-01,2.630067568999999821e+03
1.062500000000001499e-01,1.615657316999999921e+03
1.070000000000001783e-01,1.606188654000000042e+03
1.077500000000002067e-01,1.602684166999999889e+03
1.084999999999997911e-01,1.515220647000000099e+03
1.092499999999998195e-01,1.471567348000000038e+03
1.099999999999998479e-01,1.451292793999999958e+03
1.107499999999998763e-01,1.415039811999999984e+03
1.114999999999999047e-01,1.363331723999999895e+03
1.122499999999999332e-01,1.290963079000000107e+03
1.129999999999999616e-01,1.043037342999999964e+03
1.137499999999999900e-01,1.031621396000000004e+03
