2.617649999999997062e-02,1.820914984000000004e+03
2.661749999999988084e-02,1.868347860999999966e+03
2.705949999999993777e-02,1.924819966000000022e+03
2.750049999999984798e-02,1.987912892000000056e+03
2.794149999999976167e-02,2.047791112000000112e+03
2.838249999999967535e-02,2.092232829999999922e+03
2.882350000000003659e-02,2.125041980999999851e+03
2.926449999999995374e-02,2.143598135000000184e+03
2.970650000000000027e-02,2.159571563999999853e+03
3.014749999999991742e-02,2.175618605000000116e+03
3.058849999999983457e-02,2.196233960999999908e+03
3.102949999999974479e-02,2.217218084999999974e+03
3.147049999999965847e-02,2.231954420000000027e+03
3.191150000000001624e-02,2.235469214000000193e+03
3.235350000000006970e-02,2.236108842999999979e+03
3.279449999999998339e-02,2.244729589000000033e+03
3.323549999999989707e-02,2.261834103000000141e+03
3.367649999999981075e-02,2.281251294000000144e+03
3.411749999999972444e-02,2.294119333000000097e+03
3.455949999999977790e-02,2.301679665999999997e+03
3.500049999999969158e-02,2.298961542000000009e+03
3.544150000000004935e-02,2.297117126000000098e+03
3.588249999999996304e-02,2.297211071000000175e+03
3.632349999999986978e-02,2.303638456000000133e+03
3.676449999999979040e-02,2.317586268999999902e+03
3.720649999999984386e-02,2.339411242000000129e+03
3.764749999999975061e-02,2.359473402999999962e+03
3.808849999999967123e-02,2.371426480999999967e+03
3.852950000000003594e-02,2.374799942999999985e+03
3.897049999999993575e-02,2.381347455999999966e+03
3.941149999999984943e-02,2.395223308999999972e+03
3.985349999999990983e-02,2.416504324999999881e+03
4.029449999999982351e-02,2.437999463999999989e+03
4.117649999999965088e-02,2.454217709000000013e+03
4.161750000000000865e-02,2.477336248999999953e+03
4.205950000000006211e-02,2.499836287000000084e+03
4.382349999999970991e-02,2.529129254999999830e+03
4.426449999999963053e-02,2.548494336000000203e+03
4.470649999999968399e-02,2.562279384999999820e+03
4.558849999999995545e-02,2.573420385999999780e+03
4.602949999999987607e-02,2.594853676000000178e+03
4.647049999999977588e-02,2.624896416999999929e+03
4.735349999999974996e-02,2.571544847000000118e+03
4.779449999999966364e-02,2.589435440000000199e+03
4.911749999999984878e-02,2.623840070000000196e+03
4.955949999999990224e-02,2.662503052000000025e+03
5.176449999999991475e-02,nan
5.220649999999996821e-02,nan
5.264749999999988189e-02,nan
5.308849999999979558e-02,nan
5.352949999999971620e-02,nan
5.397050000000006703e-02,nan
5.441149999999998765e-02,nan
5.485350000000003418e-02,nan
5.529449999999994786e-02,nan
5.573549999999985460e-02,nan
5.617649999999976829e-02,nan
5.661749999999968891e-02,nan
5.705949999999974237e-02,nan
5.750049999999965605e-02,nan
5.794150000000000689e-02,nan
5.838249999999992751e-02,nan
5.882349999999984119e-02,nan
5.926449999999975488e-02,nan
5.970649999999980834e-02,nan
6.014749999999972202e-02,nan
6.058849999999963570e-02,nan
6.102949999999999348e-02,nan
6.147049999999991410e-02,nan
6.191149999999982778e-02,nan
6.235349999999987430e-02,nan
6.279449999999978105e-02,nan
6.323549999999969473e-02,nan
6.367650000000005250e-02,nan
6.411749999999996619e-02,nan
6.455950000000001965e-02,nan
6.500049999999993333e-02,nan
6.544149999999984701e-02,nan
6.588249999999976070e-02,nan
6.632349999999967438e-02,nan
6.676450000000003215e-02,2.934000000000000000e+03
6.808849999999991298e-02,2.630000000000000000e+03
6.985349999999970749e-02,2.585000000000000000e+03
7.117649999999989263e-02,2.544000000000000000e+03
7.294149999999968714e-02,2.546000000000000000e+03
7.691149999999993825e-02,2.597000000000000000e+03
7.955949999999969990e-02,2.670000000000000000e+03
8.000050000000005768e-02,2.828000000000000000e+03
8.088249999999988504e-02,3.046000000000000000e+03
8.132349999999979873e-02,nan
8.176449999999971241e-02,nan
8.220649999999979363e-02,nan
8.264749999999967955e-02,nan
8.308850000000003733e-02,nan
8.352949999999995101e-02,nan
8.397049999999986469e-02,nan
8.441149999999977838e-02,nan
8.485349999999983184e-02,nan
8.529449999999974552e-02,nan
8.573549999999965920e-02,nan
8.617650000000001698e-02,nan
8.661749999999993066e-02,nan
8.705949999999998412e-02,nan
8.750049999999989780e-02,nan
8.794149999999981149e-02,nan
8.838249999999972517e-02,nan
8.882349999999963885e-02,nan
8.926449999999999663e-02,nan
8.970650000000005009e-02,nan
9.014749999999996377e-02,nan
9.058849999999987745e-02,nan
9.102949999999979114e-02,nan
9.147049999999970482e-02,nan
9.191150000000006259e-02,3.449247511000000031e+03
9.235349999999967197e-02,3.264390464000000065e+03
9.279450000000002974e-02,2.971681395000000066e+03
9.323549999999997118e-02,2.779631800999999996e+03
9.367649999999985710e-02,2.789000000000000000e+03
9.411749999999977079e-02,2.584000000000000000e+03
9.588250000000000939e-02,2.458000000000000000e+03
9.764749999999980390e-02,2.445000000000000000e+03
1.060294999999999155e-01,2.505000000000000000e+03
1.100004999999998623e-01,2.590000000000000000e+03
1.117644999999999611e-01,2.782000000000000000e+03
1.139704999999996693e-01,3.112000000000000000e+03
1.144115000000000271e-01,nan
1.148534999999996364e-01,nan
1.152944999999999942e-01,nan
1.157354999999999079e-01,nan
1.161764999999998216e-01,nan
1.166174999999997353e-01,nan
1.170594999999997887e-01,nan
1.175004999999997024e-01,nan
1.179415000000000602e-01,nan
1.183824999999999739e-01,nan
1.188234999999998875e-01,nan
1.192644999999998012e-01,nan
1.197064999999998547e-01,nan
1.201474999999997684e-01,nan
1.205884999999996821e-01,nan
1.210295000000000398e-01,nan
1.214704999999999535e-01,nan
1.219114999999998672e-01,nan
1.223534999999999207e-01,nan
1.227944999999998343e-01,nan
1.232354999999997480e-01,nan
1.236764999999996617e-01,nan
1.241175000000000195e-01,2.775000000000000000e+03
1.267644999999996691e-01,2.306000000000000000e+03
1.280884999999999940e-01,2.128000000000000000e+03
1.302944999999997022e-01,1.950000000000000000e+03
1.338235000000000396e-01,1.739000000000000000e+03
