2.471875000000053196e-02,nan
2.546874999999967221e-02,nan
2.621874999999970063e-02,nan
2.696874999999972905e-02,nan
2.771874999999975747e-02,nan
2.846874999999978589e-02,nan
2.921874999999981432e-02,nan
2.996874999999984274e-02,nan
3.071874999999987116e-02,nan
3.146874999999989958e-02,nan
3.221874999999992800e-02,nan
3.296874999999995642e-02,nan
3.371874999999998485e-02,2.922102953999999954e+03
3.446875000000001327e-02,3.146799876000000040e+03
3.521875000000004169e-02,3.308236441000000013e+03
3.596875000000007011e-02,3.367810368999999810e+03
3.671875000000009853e-02,3.436245871999999963e+03
3.746875000000012695e-02,3.457711408000000120e+03
3.821875000000015538e-02,3.485122252000000117e+03
3.896875000000018380e-02,3.516672160999999960e+03
3.971875000000021222e-02,3.511888852000000043e+03
4.046875000000024064e-02,3.556722771000000193e+03
4.121875000000026906e-02,3.534615534000000025e+03
4.196875000000029748e-02,3.551921580000000176e+03
4.271875000000032591e-02,3.558031853999999839e+03
4.346875000000035433e-02,3.546137648999999783e+03
4.421875000000038275e-02,3.576371854999999869e+03
4.496875000000041117e-02,3.582464248000000225e+03
4.571875000000043959e-02,3.590548971000000165e+03
4.646875000000046801e-02,3.592004751999999826e+03
4.721875000000049644e-02,3.594371192000000065e+03
4.796875000000052486e-02,3.609251992999999857e+03
4.871875000000055328e-02,3.608773584000000028e+03
4.946874999999969352e-02,3.583227444999999989e+03
5.021874999999972194e-02,3.597255141000000094e+03
5.096874999999975037e-02,3.608049508999999944e+03
5.171874999999977879e-02,3.598143904999999904e+03
5.246874999999980721e-02,3.593430486000000201e+03
5.321874999999983563e-02,3.603978150999999798e+03
5.396874999999986405e-02,3.601305981999999858e+03
5.471874999999989247e-02,3.623889020000000073e+03
5.546874999999992090e-02,3.619339313999999831e+03
5.621874999999994932e-02,3.627434717999999975e+03
5.696874999999997774e-02,3.625953492999999980e+03
5.771875000000000616e-02,3.618585905999999795e+03
5.846875000000003458e-02,3.606027447999999822e+03
5.921875000000006301e-02,3.632498130999999830e+03
5.996875000000009143e-02,3.646468104999999923e+03
6.071875000000011985e-02,3.632046674000000166e+03
6.146875000000014827e-02,3.613759235999999873e+03
6.221875000000017669e-02,3.622759102999999868e+03
6.296875000000021205e-02,3.630528098000000227e+03
6.371875000000024047e-02,3.624046785999999884e+03
6.446875000000026890e-02,3.630842966000000160e+03
6.521875000000029732e-02,3.625534067999999934e+03
6.596875000000032574e-02,3.620954229999999825e+03
6.671875000000035416e-02,3.623167386000000079e+03
6.746875000000038258e-02,3.625099110999999994e+03
6.821875000000041100e-02,3.621759094000000005e+03
6.896875000000043943e-02,3.621148095999999896e+03
6.971875000000046785e-02,3.624500313999999889e+03
7.046875000000049627e-02,3.624650165999999899e+03
7.121875000000052469e-02,3.620157467999999881e+03
7.196875000000055311e-02,3.617222427000000152e+03
7.271874999999969336e-02,3.616088331999999809e+03
7.346874999999972178e-02,3.615681880999999976e+03
7.421874999999975020e-02,3.608872147999999925e+03
7.496874999999977862e-02,3.604978865000000042e+03
7.571874999999980704e-02,3.604334026999999878e+03
7.646874999999983546e-02,3.594610920000000078e+03
7.721874999999986389e-02,3.585209516999999778e+03
7.796874999999989231e-02,3.586692290999999841e+03
7.871874999999992073e-02,3.586821570999999949e+03
7.946874999999994915e-02,3.585507970999999998e+03
8.021874999999997757e-02,3.580615408000000116e+03
8.096875000000000600e-02,3.576102496999999858e+03
8.171875000000003442e-02,3.572247793000000001e+03
8.246875000000006284e-02,3.566728536000000076e+03
8.321875000000009126e-02,3.561988969999999881e+03
8.396875000000011968e-02,3.558655509000000166e+03
8.471875000000014810e-02,3.556260090000000218e+03
8.546875000000017653e-02,3.549002837999999883e+03
8.621875000000020495e-02,3.543051378000000113e+03
8.696875000000023337e-02,3.538487001999999848e+03
8.771875000000026179e-02,3.528880494999999883e+03
8.846875000000029021e-02,3.521181516999999985e+03
8.921875000000031863e-02,3.510017817999999806e+03
8.996875000000034706e-02,3.498813180000000102e+03
9.071875000000037548e-02,3.492726087000000007e+03
9.146875000000040390e-02,3.487350222999999914e+03
9.221875000000043232e-02,3.477152132000000165e+03
9.296875000000046074e-02,3.467134442000000035e+03
9.371875000000048916e-02,3.456952264000000014e+03
9.446875000000051759e-02,3.446712582999999995e+03
9.521875000000054601e-02,3.431418712000000141e+03
9.596874999999968625e-02,3.412366258000000016e+03
9.671874999999971467e-02,3.376097706000000017e+03
9.746874999999974309e-02,3.305474035000000185e+03
9.821874999999977152e-02,3.187509725999999773e+03
9.896874999999979994e-02,3.102665837999999894e+03
9.971874999999982836e-02,3.047058164999999917e+03
1.004687499999998568e-01,2.914670051999999941e+03
1.012187499999998852e-01,2.865135550999999850e+03
1.019687499999999136e-01,2.793092896000000110e+03
1.027187499999999420e-01,2.731615991000000122e+03
1.034687499999999705e-01,2.713742847999999867e+03
1.042187499999999989e-01,2.552141449000000193e+03
1.049687500000000273e-01,2.257245480000000043e+03
1.057187500000000557e-01,2.173958794000000125e+03
1.064687500000000842e-01,2.093459417999999914e+03
1.072187500000001126e-01,2.022581638999999996e+03
1.079687500000001410e-01,1.981729716999999937e+03
1.087187500000001694e-01,1.940057004999999890e+03
1.094687500000001978e-01,1.888773304999999937e+03
1.102187500000002263e-01,1.848981950000000097e+03
1.109687500000002547e-01,1.793327170999999908e+03
1.117187500000002831e-01,1.707987941000000092e+03
1.124687500000003115e-01,1.657257444999999962e+03
1.132187500000003400e-01,1.609073159999999916e+03
1.139687500000003684e-01,1.553377960000000030e+03
1.147187500000003968e-01,1.500019035000000031e+03
1.154687500000004252e-01,1.390279154000000062e+03
1.162187500000004536e-01,nan
1.169687500000004821e-01,nan
1.177187500000005105e-01,nan
1.184687500000005389e-01,nan
1.192187499999996791e-01,nan
1.199687499999997076e-01,nan
1.207187499999997360e-01,nan
1.214687499999997644e-01,nan
1.222187499999997928e-01,nan
1.229687499999998213e-01,nan
1.237187499999998497e-01,nan
1.244687499999998781e-01,nan
1.252187499999999065e-01,nan
1.259687499999999349e-01,nan
