2.406250000000050709e-02,nan
2.481250000000053552e-02,nan
2.556250000000056394e-02,nan
2.631249999999970418e-02,nan
2.706249999999973260e-02,nan
2.781249999999976102e-02,nan
2.856249999999978945e-02,nan
2.931249999999981787e-02,1.731596557999999959e+03
3.006249999999984629e-02,1.892662137000000030e+03
3.081249999999987471e-02,2.004949740000000020e+03
3.156249999999990313e-02,2.039849382999999989e+03
3.231249999999993155e-02,2.102174962000000050e+03
3.306249999999995998e-02,2.103646944000000076e+03
3.381249999999998840e-02,2.172579837000000225e+03
3.456250000000001682e-02,2.288221316000000115e+03
3.531250000000004524e-02,2.276376553999999942e+03
3.606250000000007366e-02,2.487291302000000087e+03
3.681250000000010209e-02,2.588157286999999997e+03
3.756250000000013051e-02,2.625540278999999828e+03
3.831250000000015893e-02,2.589877390000000105e+03
3.906250000000018735e-02,3.211314839000000120e+03
3.981250000000021577e-02,3.350706718999999794e+03
4.056250000000024419e-02,3.475834964000000127e+03
4.131250000000027262e-02,3.609468932000000223e+03
4.206250000000030104e-02,3.605105951999999888e+03
4.281250000000032946e-02,3.600945487999999841e+03
4.356250000000035788e-02,3.642409310000000005e+03
4.431250000000038630e-02,3.653936318000000028e+03
4.506250000000041472e-02,3.638263681999999790e+03
4.581250000000044315e-02,3.646121578000000227e+03
4.656250000000047157e-02,3.666831932999999935e+03
4.731250000000049999e-02,3.679502243999999791e+03
4.806250000000052841e-02,3.658428578000000016e+03
4.881250000000055683e-02,3.679592850999999882e+03
4.956249999999969708e-02,3.681208881000000019e+03
5.031249999999972550e-02,3.683440776999999798e+03
5.106249999999975392e-02,3.711299611999999797e+03
5.181249999999978234e-02,3.712484898000000157e+03
5.256249999999981076e-02,3.703715345999999954e+03
5.331249999999983918e-02,3.711334100000000035e+03
5.406249999999986761e-02,3.734044549000000188e+03
5.481249999999989603e-02,3.748557358000000022e+03
5.556249999999992445e-02,3.724632840000000215e+03
5.631249999999995287e-02,3.725920971999999892e+03
5.706249999999998129e-02,3.737149816999999985e+03
5.781250000000000971e-02,3.735587777000000187e+03
5.856250000000003814e-02,3.726224161000000095e+03
5.931250000000006656e-02,3.732986661999999797e+03
6.006250000000009498e-02,3.735816988999999921e+03
6.081250000000012340e-02,3.739274585000000116e+03
6.156250000000015182e-02,3.742012744000000112e+03
6.231250000000018024e-02,3.737367400999999973e+03
6.306250000000021561e-02,3.758888625999999931e+03
6.381250000000024403e-02,3.761590506000000005e+03
6.456250000000027245e-02,3.756277987999999823e+03
6.531250000000030087e-02,3.759935092000000168e+03
6.606250000000032929e-02,3.776582296999999926e+03
6.681250000000035771e-02,3.754674358000000211e+03
6.756250000000038614e-02,3.747296934999999849e+03
6.831250000000041456e-02,3.745723137999999835e+03
6.906250000000044298e-02,3.742446929000000182e+03
6.981250000000047140e-02,3.725410362000000077e+03
7.056250000000049982e-02,3.729398967000000084e+03
7.131250000000052824e-02,3.727084068000000116e+03
7.206250000000055667e-02,3.725773040000000037e+03
7.281249999999969691e-02,3.725320709999999963e+03
7.356249999999972533e-02,3.721838963000000149e+03
7.431249999999975375e-02,3.724743919000000005e+03
7.506249999999978217e-02,3.726170611999999892e+03
7.581249999999981060e-02,3.717373614000000089e+03
7.656249999999983902e-02,3.702279578000000129e+03
7.731249999999986744e-02,3.709500258000000031e+03
7.806249999999989586e-02,3.698545927000000120e+03
7.881249999999992428e-02,3.689656179999999949e+03
7.956249999999995270e-02,3.688997417999999925e+03
8.031249999999998113e-02,3.685813403999999991e+03
8.106250000000000955e-02,3.685040966000000026e+03
8.181250000000003797e-02,3.683970851000000039e+03
8.256250000000006639e-02,3.682035010000000057e+03
8.331250000000009481e-02,3.680859599999999773e+03
8.406250000000012323e-02,3.680495172999999795e+03
8.481250000000015166e-02,3.677651061000000027e+03
8.556250000000018008e-02,3.668095679999999902e+03
8.631250000000020850e-02,3.661015499000000091e+03
8.706250000000023692e-02,3.660697256999999809e+03
8.781250000000026534e-02,3.653380717999999888e+03
8.856250000000029377e-02,3.646885789999999815e+03
8.931250000000032219e-02,3.646360412999999880e+03
9.006250000000035061e-02,3.644960528999999951e+03
9.081250000000037903e-02,3.642941073999999844e+03
9.156250000000040745e-02,3.637556731000000127e+03
9.231250000000043587e-02,3.637816859000000022e+03
9.306250000000046430e-02,3.633026813999999831e+03
9.381250000000049272e-02,3.621456612999999834e+03
9.456250000000052114e-02,3.610324567000000116e+03
9.531250000000054956e-02,3.595754698000000189e+03
9.606249999999968980e-02,3.577789871999999832e+03
9.681249999999971823e-02,3.562775373999999829e+03
9.756249999999974665e-02,3.570614030000000184e+03
9.831249999999977507e-02,3.576447594000000208e+03
9.906249999999980349e-02,3.584107027999999900e+03
9.981249999999983191e-02,3.587198711000000003e+03
1.005624999999998603e-01,3.585774232000000211e+03
1.013124999999998888e-01,3.576014913999999862e+03
1.020624999999999172e-01,3.536127296999999999e+03
1.028124999999999456e-01,3.451950781000000006e+03
1.035624999999999740e-01,3.423726447999999891e+03
1.043125000000000024e-01,3.498084178000000065e+03
1.050625000000000309e-01,3.502758119000000079e+03
1.058125000000000593e-01,3.451220017999999982e+03
1.065625000000000877e-01,3.298233510999999908e+03
1.073125000000001161e-01,3.202715436999999838e+03
1.080625000000001446e-01,3.385869833000000199e+03
1.088125000000001730e-01,2.475659381999999823e+03
1.095625000000002014e-01,2.275430781000000025e+03
1.103125000000002298e-01,2.200750480000000152e+03
1.110625000000002582e-01,2.080784368000000086e+03
1.118125000000002867e-01,2.036535272999999961e+03
1.125625000000003151e-01,1.994911370000000034e+03
1.133125000000003435e-01,1.876104417000000012e+03
1.140625000000003719e-01,1.895001553999999942e+03
1.148125000000004003e-01,1.912936916999999994e+03
1.155625000000004288e-01,1.846414058000000068e+03
1.163125000000004572e-01,1.807900969999999916e+03
1.170625000000004856e-01,1.758011211999999887e+03
1.178125000000005140e-01,1.644774944999999889e+03
1.185625000000005425e-01,1.521803335999999945e+03
1.193125000000005709e-01,1.536231710999999905e+03
1.200624999999997111e-01,nan
1.208124999999997395e-01,nan
1.215624999999997680e-01,nan
1.223124999999997964e-01,nan
1.230624999999998248e-01,nan
1.238124999999998532e-01,nan
1.245624999999998817e-01,nan
1.253124999999999101e-01,nan
1.260624999999999385e-01,nan
