8.339999999999999974e-04,nan
1.667999999999999995e-03,nan
2.501999999999999884e-03,nan
3.335999999999999990e-03,nan
4.170000000000000095e-03,nan
5.003999999999999768e-03,nan
5.838000000000000307e-03,nan
6.671999999999999979e-03,nan
7.505999999999999651e-03,nan
8.340000000000000191e-03,nan
9.173999999999999863e-03,nan
1.000799999999999954e-02,nan
1.084199999999999921e-02,nan
1.167600000000000061e-02,nan
1.251000000000000029e-02,nan
1.334399999999999996e-02,nan
1.417799999999999963e-02,nan
1.501199999999999930e-02,nan
1.584599999999999898e-02,nan
1.668000000000000038e-02,nan
1.751399999999999832e-02,nan
1.834799999999999973e-02,nan
1.918200000000000113e-02,nan
2.001599999999999907e-02,nan
2.085000000000000048e-02,nan
2.168399999999999841e-02,nan
2.251799999999999982e-02,nan
2.335200000000000123e-02,nan
2.418599999999999917e-02,nan
2.502000000000000057e-02,nan
2.585399999999999851e-02,nan
2.668799999999999992e-02,nan
2.752200000000000132e-02,nan
2.835599999999999926e-02,nan
2.919000000000000067e-02,nan
3.002399999999999861e-02,nan
3.085800000000000001e-02,nan
3.169199999999999795e-02,nan
3.252599999999999936e-02,nan
3.336000000000000076e-02,nan
3.419400000000000217e-02,nan
3.502799999999999664e-02,nan
3.586199999999999805e-02,nan
3.669599999999999945e-02,nan
3.753000000000000086e-02,nan
3.836400000000000227e-02,nan
3.919799999999999673e-02,nan
4.003199999999999814e-02,nan
4.086599999999999955e-02,nan
4.170000000000000095e-02,nan
4.253400000000000236e-02,nan
4.336799999999999683e-02,nan
4.420199999999999824e-02,nan
4.503599999999999964e-02,nan
4.587000000000000105e-02,nan
4.670400000000000246e-02,nan
4.753799999999999693e-02,nan
4.837199999999999833e-02,nan
4.920599999999999974e-02,nan
5.004000000000000115e-02,nan
5.087400000000000255e-02,nan
5.170799999999999702e-02,nan
5.254199999999999843e-02,nan
5.337599999999999983e-02,nan
5.421000000000000124e-02,nan
5.504400000000000265e-02,nan
5.587799999999999712e-02,nan
5.671199999999999852e-02,nan
5.754599999999999993e-02,nan
5.838000000000000134e-02,nan
5.921400000000000274e-02,nan
6.004799999999999721e-02,nan
6.088199999999999862e-02,nan
6.171600000000000003e-02,nan
6.254999999999999449e-02,nan
6.338399999999999590e-02,nan
6.421799999999999731e-02,nan
6.505199999999999871e-02,nan
6.588600000000000012e-02,nan
6.672000000000000153e-02,nan
6.755400000000000293e-02,nan
6.838800000000000434e-02,nan
6.922200000000000575e-02,nan
7.005599999999999328e-02,nan
7.088999999999999468e-02,nan
7.172399999999999609e-02,nan
7.255799999999999750e-02,nan
7.339199999999999890e-02,nan
7.422600000000000031e-02,nan
7.506000000000000172e-02,nan
7.589400000000000313e-02,nan
7.672800000000000453e-02,nan
7.756200000000000594e-02,nan
7.839599999999999347e-02,nan
7.922999999999999488e-02,nan
8.006399999999999628e-02,1.109099870000000010e+03
8.089799999999999769e-02,1.150230047000000013e+03
8.173199999999999910e-02,1.194974934000000076e+03
8.256600000000000050e-02,1.520933271999999988e+03
8.340000000000000191e-02,1.505677457999999888e+03
8.423400000000000332e-02,1.620313321000000087e+03
8.506800000000000472e-02,1.662333202000000028e+03
8.590200000000000613e-02,1.697353888999999981e+03
8.673599999999999366e-02,1.715793222000000014e+03
8.756999999999999507e-02,1.704816325999999890e+03
8.840399999999999647e-02,1.725695142999999916e+03
8.923799999999999788e-02,1.785534836000000041e+03
9.007199999999999929e-02,1.748904991999999993e+03
9.090600000000000069e-02,1.757212463000000071e+03
9.174000000000000210e-02,1.777333049999999957e+03
9.257400000000000351e-02,1.813894907000000103e+03
9.340800000000000491e-02,1.920223952000000054e+03
9.424200000000000632e-02,1.987907707000000073e+03
9.507599999999999385e-02,1.992007088999999951e+03
9.590999999999999526e-02,2.003629817000000003e+03
9.674399999999999666e-02,2.056195408999999927e+03
9.757799999999999807e-02,2.063956799000000046e+03
9.841199999999999948e-02,2.049878313000000162e+03
9.924600000000000088e-02,2.111980156999999963e+03
1.000800000000000023e-01,2.132321954000000005e+03
1.009140000000000037e-01,2.128830567999999857e+03
1.017480000000000051e-01,2.127290701999999783e+03
1.025820000000000065e-01,2.131177322999999888e+03
1.034159999999999940e-01,2.136624239000000216e+03
1.042499999999999954e-01,2.146320794000000205e+03
1.050839999999999969e-01,2.159311047000000144e+03
1.059179999999999983e-01,2.160252179000000069e+03
1.067519999999999997e-01,2.163646397999999863e+03
1.075860000000000011e-01,2.177861480999999912e+03
1.084200000000000025e-01,2.182319140000000061e+03
1.092540000000000039e-01,2.186337794999999915e+03
1.100880000000000053e-01,2.187667367999999897e+03
1.109219999999999928e-01,2.198257686999999805e+03
1.117559999999999942e-01,2.205679607999999917e+03
1.125899999999999956e-01,2.226054333999999926e+03
1.134239999999999970e-01,2.242556605000000218e+03
1.142579999999999985e-01,2.259187444000000141e+03
1.150919999999999999e-01,2.317835493999999926e+03
1.159260000000000013e-01,2.399744807000000037e+03
1.167600000000000027e-01,2.386226493000000119e+03
1.175940000000000041e-01,2.402538535000000138e+03
1.184280000000000055e-01,2.494699172000000090e+03
1.192619999999999930e-01,2.624898794000000180e+03
1.200959999999999944e-01,3.072139893000000029e+03
1.209299999999999958e-01,nan
1.217639999999999972e-01,nan
1.225979999999999986e-01,nan
1.234320000000000001e-01,nan
1.242660000000000015e-01,nan
1.250999999999999890e-01,nan
1.259339999999999904e-01,nan
1.267679999999999918e-01,nan
1.276019999999999932e-01,nan
1.284359999999999946e-01,nan
1.292699999999999960e-01,nan
1.301039999999999974e-01,nan
1.309379999999999988e-01,3.055017756000000190e+03
1.317720000000000002e-01,3.015150672000000213e+03
1.326060000000000016e-01,2.897675196000000142e+03
1.334400000000000031e-01,2.730382185999999820e+03
1.342740000000000045e-01,2.394665273999999954e+03
1.351080000000000059e-01,2.330333818000000065e+03
1.359420000000000073e-01,2.331150895000000219e+03
1.367760000000000087e-01,2.325703985999999986e+03
1.376100000000000101e-01,2.366078034000000116e+03
1.384440000000000115e-01,2.371489027000000078e+03
1.392780000000000129e-01,2.377533402000000024e+03
1.401119999999999866e-01,2.379382343000000219e+03
1.409459999999999880e-01,2.386362943000000087e+03
1.417799999999999894e-01,2.388907812999999805e+03
1.426139999999999908e-01,2.414526401000000078e+03
1.434479999999999922e-01,2.429294159000000036e+03
1.442819999999999936e-01,2.426085567000000083e+03
1.451159999999999950e-01,2.434090866999999889e+03
1.459499999999999964e-01,2.447689683000000059e+03
1.467839999999999978e-01,2.469734621999999945e+03
1.476179999999999992e-01,2.469920711000000210e+03
1.484520000000000006e-01,2.469843240000000151e+03
1.492860000000000020e-01,2.484288074000000051e+03
1.501200000000000034e-01,2.519385949999999866e+03
1.509540000000000048e-01,2.571013287000000219e+03
1.517880000000000063e-01,2.641613597000000027e+03
1.526220000000000077e-01,2.685730907000000116e+03
1.534560000000000091e-01,2.868868021000000226e+03
1.542900000000000105e-01,3.155543138999999883e+03
1.551240000000000119e-01,3.313572537000000011e+03
1.559580000000000133e-01,nan
1.567919999999999869e-01,nan
1.576259999999999883e-01,nan
1.584599999999999898e-01,nan
1.592939999999999912e-01,nan
1.601279999999999926e-01,nan
1.609619999999999940e-01,nan
1.617959999999999954e-01,nan
1.626299999999999968e-01,3.197392236000000139e+03
1.634639999999999982e-01,3.140089691000000130e+03
1.642979999999999996e-01,3.012868575999999848e+03
1.651320000000000010e-01,2.833959582999999839e+03
1.659660000000000024e-01,2.717306373999999778e+03
1.668000000000000038e-01,2.497823001000000204e+03
1.676340000000000052e-01,2.457559592000000066e+03
1.684680000000000066e-01,2.431792997000000014e+03
1.693020000000000080e-01,2.424584244000000126e+03
1.701360000000000094e-01,2.412143559000000096e+03
1.709700000000000109e-01,2.436728310999999849e+03
1.718040000000000123e-01,2.444336640999999872e+03
1.726379999999999859e-01,2.426490026999999827e+03
1.734719999999999873e-01,2.445664854000000105e+03
1.743059999999999887e-01,2.461375816000000214e+03
1.751399999999999901e-01,2.457629269000000022e+03
1.759739999999999915e-01,2.471178906999999981e+03
1.768079999999999929e-01,2.488026592000000164e+03
1.776419999999999944e-01,2.500404520000000048e+03
1.784759999999999958e-01,2.470851287999999840e+03
1.793099999999999972e-01,2.484195489000000180e+03
1.801439999999999986e-01,2.482849624999999833e+03
1.809780000000000000e-01,2.471041542999999820e+03
1.818120000000000014e-01,2.478072647999999845e+03
1.826460000000000028e-01,2.465975629999999910e+03
1.834800000000000042e-01,2.452619035000000167e+03
1.843140000000000056e-01,2.443341369000000213e+03
1.851480000000000070e-01,2.434681372000000010e+03
1.859820000000000084e-01,2.423751193999999941e+03
1.868160000000000098e-01,2.433644059000000198e+03
1.876500000000000112e-01,2.394839351999999963e+03
1.884840000000000126e-01,2.377206896000000143e+03
1.893179999999999863e-01,2.365039609999999811e+03
1.901519999999999877e-01,2.359911180999999942e+03
1.909859999999999891e-01,2.357383624999999938e+03
1.918199999999999905e-01,2.338374557000000095e+03
1.926539999999999919e-01,2.288599020000000110e+03
1.934879999999999933e-01,2.235985357999999906e+03
1.943219999999999947e-01,2.080359413000000131e+03
1.951559999999999961e-01,2.118675176000000192e+03
1.959899999999999975e-01,2.126486297999999806e+03
1.968239999999999990e-01,2.011488012999999910e+03
1.976580000000000004e-01,1.757896115000000009e+03
1.984920000000000018e-01,1.751759307000000035e+03
1.993260000000000032e-01,1.748571556999999984e+03
2.001600000000000046e-01,1.702918308000000025e+03
2.009940000000000060e-01,nan
2.018280000000000074e-01,nan
2.026620000000000088e-01,nan
2.034960000000000102e-01,nan
2.043300000000000116e-01,nan
2.051640000000000130e-01,nan
2.059979999999999867e-01,nan
2.068319999999999881e-01,nan
2.076659999999999895e-01,nan
2.084999999999999909e-01,nan
2.093339999999999923e-01,nan
2.101679999999999937e-01,nan
2.110019999999999951e-01,nan
2.118359999999999965e-01,nan
2.126699999999999979e-01,nan
2.135039999999999993e-01,nan
2.143380000000000007e-01,nan
2.151720000000000022e-01,nan
2.160060000000000036e-01,nan
2.168400000000000050e-01,nan
2.176740000000000064e-01,nan
2.185080000000000078e-01,nan
2.193420000000000092e-01,nan
2.201760000000000106e-01,nan
2.210100000000000120e-01,nan
2.218439999999999857e-01,nan
2.226779999999999871e-01,nan
2.235119999999999885e-01,nan
2.243459999999999899e-01,nan
2.251799999999999913e-01,nan
2.260139999999999927e-01,nan
2.268479999999999941e-01,nan
2.276819999999999955e-01,nan
2.285159999999999969e-01,nan
2.293499999999999983e-01,nan
2.301839999999999997e-01,nan
2.310180000000000011e-01,nan
2.318520000000000025e-01,nan
2.326860000000000039e-01,nan
2.335200000000000053e-01,nan
2.343540000000000068e-01,nan
2.351880000000000082e-01,nan
2.360220000000000096e-01,nan
2.368560000000000110e-01,nan
2.376900000000000124e-01,nan
2.385239999999999860e-01,nan
2.393579999999999874e-01,nan
2.401919999999999888e-01,nan
2.410259999999999903e-01,nan
2.418599999999999917e-01,nan
2.426939999999999931e-01,nan
2.435279999999999945e-01,nan
2.443619999999999959e-01,nan
2.451959999999999973e-01,nan
2.460299999999999987e-01,nan
2.468640000000000001e-01,nan
2.476980000000000015e-01,nan
2.485320000000000029e-01,nan
2.493660000000000043e-01,nan
2.501999999999999780e-01,nan
2.510339999999999794e-01,nan
2.518679999999999808e-01,nan
2.527019999999999822e-01,nan
2.535359999999999836e-01,nan
2.543699999999999850e-01,nan
2.552039999999999864e-01,nan
2.560379999999999878e-01,nan
2.568719999999999892e-01,nan
2.577059999999999906e-01,nan
2.585399999999999920e-01,nan
2.593739999999999934e-01,nan
2.602079999999999949e-01,nan
2.610419999999999963e-01,nan
2.618759999999999977e-01,nan
2.627099999999999991e-01,nan
2.635440000000000005e-01,nan
2.643780000000000019e-01,nan
2.652120000000000033e-01,nan
2.660460000000000047e-01,nan
2.668800000000000061e-01,nan
2.677140000000000075e-01,nan
2.685480000000000089e-01,nan
2.693820000000000103e-01,nan
2.702160000000000117e-01,nan
2.710500000000000131e-01,nan
2.718840000000000146e-01,nan
2.727180000000000160e-01,nan
2.735520000000000174e-01,nan
2.743860000000000188e-01,nan
2.752200000000000202e-01,nan
2.760540000000000216e-01,nan
2.768880000000000230e-01,nan
2.777220000000000244e-01,nan
2.785560000000000258e-01,nan
2.793899999999999717e-01,nan
2.802239999999999731e-01,nan
2.810579999999999745e-01,nan
