2.541650000000000159e-02,1.002846568000000048e+03
2.625050000000000300e-02,1.056867434999999887e+03
2.708350000000000340e-02,1.184017145999999912e+03
2.791650000000000381e-02,1.295508724999999913e+03
2.875050000000000522e-02,1.348217611000000034e+03
2.958350000000000563e-02,1.484013392000000067e+03
3.041650000000000603e-02,1.552886751000000004e+03
3.125050000000000050e-02,1.565466460000000097e+03
3.208350000000000091e-02,1.588011363000000074e+03
3.291650000000000131e-02,1.677828441000000112e+03
3.375050000000000272e-02,1.655536984000000075e+03
3.458350000000000313e-02,1.653770874999999933e+03
3.541650000000000353e-02,1.709502218000000084e+03
3.625050000000000494e-02,1.713314059999999927e+03
3.708350000000000535e-02,1.752953150000000051e+03
3.791650000000000575e-02,1.850725946000000022e+03
3.875050000000000022e-02,1.832117156999999906e+03
3.958350000000000063e-02,1.832199581000000080e+03
4.041650000000000104e-02,1.842900622000000112e+03
4.125050000000000244e-02,1.859578166999999894e+03
4.208350000000000285e-02,1.893099545999999918e+03
4.291650000000000326e-02,1.927936349999999948e+03
4.375050000000000466e-02,1.947350016000000096e+03
4.458350000000000507e-02,1.981268571999999949e+03
4.541650000000000548e-02,1.994336086000000023e+03
4.625049999999999994e-02,2.004905862999999954e+03
4.708350000000000035e-02,2.011671939000000066e+03
4.791650000000000076e-02,2.031774355999999898e+03
4.875050000000000217e-02,2.056842524000000139e+03
4.958350000000000257e-02,2.065162764000000152e+03
5.041649999999999604e-02,2.069709045999999944e+03
5.125049999999999745e-02,2.092332394999999906e+03
5.208349999999999785e-02,2.095003855999999814e+03
5.291649999999999826e-02,2.111278870000000097e+03
5.375049999999999967e-02,2.120124088999999913e+03
5.458350000000000007e-02,2.147049765000000207e+03
5.541650000000000048e-02,2.169680674000000181e+03
5.625050000000000189e-02,2.197531441999999970e+03
5.708350000000000229e-02,2.204286684000000150e+03
5.791650000000000270e-02,2.217296679000000040e+03
5.875050000000000411e-02,2.228763249000000087e+03
5.958350000000000452e-02,2.236432251000000178e+03
6.041650000000000492e-02,2.246468353000000207e+03
6.125050000000000633e-02,2.295654657000000043e+03
6.208350000000000674e-02,2.317070107999999891e+03
6.291650000000001408e-02,2.380929615999999896e+03
6.375050000000001549e-02,2.496062984000000142e+03
6.458350000000001589e-02,2.756173671999999897e+03
6.708349999999999036e-02,2.946742393999999877e+03
6.875049999999999217e-02,3.195088184000000183e+03
7.125049999999999439e-02,nan
7.208349999999999480e-02,nan
7.291649999999999521e-02,nan
7.375049999999999661e-02,nan
7.458349999999999702e-02,nan
7.541649999999999743e-02,3.140640598999999838e+03
7.708349999999999924e-02,2.964122893000000204e+03
7.791649999999999965e-02,2.858070306999999957e+03
7.875050000000000106e-02,2.744046868999999788e+03
7.958350000000000146e-02,2.715274530000000141e+03
8.041650000000000187e-02,2.435611855999999989e+03
8.125050000000000328e-02,2.199084554999999909e+03
8.208350000000000368e-02,2.159531965000000127e+03
8.291650000000000409e-02,2.174326896000000033e+03
8.375050000000000550e-02,2.188115146000000095e+03
8.458350000000000590e-02,2.211396571000000222e+03
8.541650000000000631e-02,2.221748539000000164e+03
8.625050000000000772e-02,2.249813157999999930e+03
8.708350000000000812e-02,2.294675361000000066e+03
8.791650000000000853e-02,2.297873055000000022e+03
8.875050000000000994e-02,2.321495909000000211e+03
8.958350000000001034e-02,2.390364371000000119e+03
9.041650000000001075e-02,2.383758287999999993e+03
9.125050000000001216e-02,2.406962539999999990e+03
9.208350000000001256e-02,2.442121936999999889e+03
9.291650000000001297e-02,2.445844939999999951e+03
9.375050000000001438e-02,2.445726688000000195e+03
9.458350000000001478e-02,2.470028568000000178e+03
9.541650000000001519e-02,2.498109801999999945e+03
9.625049999999998884e-02,2.560453977000000123e+03
9.708349999999998925e-02,2.657351924000000054e+03
9.791649999999998966e-02,3.179531926999999996e+03
9.875049999999999106e-02,nan
9.958349999999999147e-02,nan
1.004164999999999919e-01,nan
1.012504999999999933e-01,nan
1.020834999999999937e-01,nan
1.029164999999999941e-01,nan
1.037504999999999955e-01,nan
1.045834999999999959e-01,nan
1.045834999999999959e-01,nan
1.045834999999999959e-01,nan
1.054164999999999963e-01,3.188894589999999880e+03
1.062504999999999977e-01,2.828243191000000024e+03
1.070834999999999981e-01,2.418006915999999819e+03
1.079164999999999985e-01,2.163842415000000074e+03
1.087504999999999999e-01,2.122531448000000182e+03
1.095835000000000004e-01,2.159254238999999870e+03
1.104165000000000008e-01,2.145670779999999922e+03
1.112505000000000022e-01,2.141749961999999869e+03
1.120835000000000026e-01,2.142131526000000122e+03
1.129165000000000030e-01,2.197582655000000159e+03
1.137505000000000044e-01,2.212479578999999831e+03
1.145835000000000048e-01,2.248912166999999954e+03
1.154165000000000052e-01,2.264141865999999936e+03
1.162505000000000066e-01,2.259844003000000157e+03
1.170835000000000070e-01,2.266534259000000020e+03
1.179165000000000074e-01,2.290541228999999930e+03
1.187505000000000088e-01,2.310003533000000061e+03
1.195835000000000092e-01,2.332739054000000124e+03
1.204164999999999819e-01,2.350438787999999931e+03
1.212504999999999833e-01,2.338540066000000024e+03
1.220834999999999837e-01,2.349523016999999982e+03
1.229164999999999841e-01,2.332487277000000176e+03
1.237504999999999855e-01,2.328730027999999947e+03
1.245834999999999859e-01,2.279885526999999911e+03
1.254164999999999863e-01,2.228084858000000168e+03
1.262504999999999877e-01,2.208882430000000113e+03
1.270834999999999881e-01,2.178894589999999880e+03
1.279164999999999885e-01,2.141800593999999819e+03
1.287504999999999900e-01,2.070633577000000059e+03
1.295834999999999904e-01,1.970286538999999948e+03
1.304164999999999908e-01,1.664941195000000107e+03
1.312504999999999922e-01,1.661257362999999941e+03
1.320834999999999926e-01,1.602984793000000082e+03
1.329164999999999930e-01,1.561819232999999940e+03
1.337504999999999944e-01,1.505202207999999928e+03
1.345834999999999948e-01,1.422831042999999909e+03
