2.438100000000000683e-02,1.002846568000000048e+03
2.521500000000000824e-02,1.056867434999999887e+03
2.604800000000000865e-02,1.184017145999999912e+03
2.688100000000000905e-02,1.295508724999999913e+03
2.771500000000001046e-02,1.348217611000000034e+03
2.854800000000001087e-02,1.484013392000000067e+03
2.938100000000001127e-02,1.552886751000000004e+03
3.021500000000001268e-02,1.565466460000000097e+03
3.104800000000000615e-02,1.588011363000000074e+03
3.188100000000000656e-02,1.677828441000000112e+03
3.271500000000000796e-02,1.655536984000000075e+03
3.354800000000000837e-02,1.653770874999999933e+03
3.438100000000000878e-02,1.709502218000000084e+03
3.521500000000001018e-02,1.713314059999999927e+03
3.604800000000001059e-02,1.752953150000000051e+03
3.688100000000001100e-02,1.850725946000000022e+03
3.771500000000001240e-02,1.832117156999999906e+03
3.854800000000001281e-02,1.832199581000000080e+03
3.938100000000000628e-02,1.842900622000000112e+03
4.021500000000000768e-02,1.859578166999999894e+03
4.104800000000000809e-02,1.893099545999999918e+03
4.188100000000000850e-02,1.927936349999999948e+03
4.271500000000000991e-02,1.947350016000000096e+03
4.354800000000001031e-02,1.981268571999999949e+03
4.438100000000001072e-02,1.994336086000000023e+03
4.521500000000001213e-02,2.004905862999999954e+03
4.604800000000001253e-02,2.011671939000000066e+03
4.688100000000001294e-02,2.031774355999999898e+03
4.771500000000000741e-02,2.056842524000000139e+03
4.854800000000000781e-02,2.065162764000000152e+03
4.938100000000000822e-02,2.069709045999999944e+03
5.021500000000000963e-02,2.092332394999999906e+03
5.104800000000001003e-02,2.095003855999999814e+03
5.188100000000001044e-02,2.111278870000000097e+03
5.271500000000001185e-02,2.120124088999999913e+03
5.354800000000001226e-02,2.147049765000000207e+03
5.438100000000001266e-02,2.169680674000000181e+03
5.521500000000001407e-02,2.197531441999999970e+03
5.604800000000001448e-02,2.204286684000000150e+03
5.688100000000001488e-02,2.217296679000000040e+03
5.771500000000001629e-02,2.228763249000000087e+03
5.854800000000000282e-02,2.236432251000000178e+03
5.938100000000000322e-02,2.246468353000000207e+03
6.021500000000000463e-02,2.295654657000000043e+03
6.104800000000000504e-02,2.317070107999999891e+03
6.188100000000000545e-02,2.380929615999999896e+03
6.271500000000000685e-02,2.496062984000000142e+03
6.354800000000000726e-02,2.756173671999999897e+03
6.604800000000000948e-02,2.946742393999999877e+03
6.771500000000001129e-02,3.195088184000000183e+03
7.021500000000001351e-02,nan
7.104800000000001392e-02,nan
7.188100000000001433e-02,nan
7.271500000000001573e-02,nan
7.354800000000001614e-02,nan
7.438100000000001655e-02,3.140640598999999838e+03
7.604800000000000448e-02,2.964122893000000204e+03
7.688100000000000489e-02,2.858070306999999957e+03
7.771500000000000630e-02,2.744046868999999788e+03
7.854800000000000670e-02,2.715274530000000141e+03
7.938100000000000711e-02,2.435611855999999989e+03
8.021500000000000852e-02,2.199084554999999909e+03
8.104800000000000892e-02,2.159531965000000127e+03
8.188100000000000933e-02,2.174326896000000033e+03
8.271500000000001074e-02,2.188115146000000095e+03
8.354800000000001114e-02,2.211396571000000222e+03
8.438100000000001155e-02,2.221748539000000164e+03
8.521500000000001296e-02,2.249813157999999930e+03
8.604800000000001337e-02,2.294675361000000066e+03
8.688100000000001377e-02,2.297873055000000022e+03
8.771500000000001518e-02,2.321495909000000211e+03
8.854800000000001559e-02,2.390364371000000119e+03
8.938100000000001599e-02,2.383758287999999993e+03
9.021499999999998964e-02,2.406962539999999990e+03
9.104799999999999005e-02,2.442121936999999889e+03
9.188099999999999046e-02,2.445844939999999951e+03
9.271499999999999186e-02,2.445726688000000195e+03
9.354799999999999227e-02,2.470028568000000178e+03
9.438099999999999268e-02,2.498109801999999945e+03
9.521499999999999408e-02,2.560453977000000123e+03
9.604799999999999449e-02,2.657351924000000054e+03
9.688099999999999490e-02,3.179531926999999996e+03
9.771499999999999631e-02,nan
9.854799999999999671e-02,nan
9.938099999999999712e-02,nan
1.002149999999999985e-01,nan
1.010479999999999989e-01,nan
1.018809999999999993e-01,nan
1.027150000000000007e-01,nan
1.035480000000000012e-01,nan
1.035480000000000012e-01,nan
1.035480000000000012e-01,nan
1.043820000000000026e-01,3.667989282000000003e+03
1.052150000000000030e-01,3.582050095999999940e+03
1.060480000000000034e-01,2.907530570999999782e+03
1.068820000000000048e-01,2.675561854999999923e+03
1.077150000000000052e-01,2.368077321000000211e+03
1.085480000000000056e-01,2.149383327000000008e+03
1.093820000000000070e-01,2.123951047000000017e+03
1.102150000000000074e-01,2.217533772000000226e+03
1.110480000000000078e-01,2.250618822999999793e+03
1.118820000000000092e-01,2.276965431999999964e+03
1.127149999999999819e-01,2.305809651999999915e+03
1.135479999999999823e-01,2.331920021999999790e+03
1.143819999999999837e-01,2.336903909999999996e+03
1.152149999999999841e-01,2.323622409999999945e+03
1.160479999999999845e-01,2.333671061999999893e+03
1.168819999999999859e-01,2.339481103000000076e+03
1.177149999999999863e-01,2.364035931999999775e+03
1.185479999999999867e-01,2.331030569999999898e+03
1.193819999999999881e-01,2.346518969000000197e+03
1.202149999999999885e-01,2.324286505000000034e+03
1.210479999999999889e-01,2.306870581000000129e+03
1.218819999999999903e-01,2.250522908999999800e+03
1.227149999999999908e-01,2.084161651999999776e+03
1.235479999999999912e-01,1.974331126000000040e+03
1.243819999999999926e-01,1.895015846000000010e+03
1.252149999999999930e-01,1.866476325000000088e+03
1.260479999999999934e-01,1.829229763000000048e+03
1.268819999999999948e-01,1.805312282999999979e+03
1.277149999999999952e-01,1.772886398000000099e+03
1.281189999999999829e-01,1.523376332999999931e+03
1.293689999999999840e-01,1.455483085000000074e+03
1.306189999999999851e-01,1.434001009000000067e+03
1.318689999999999862e-01,9.574704179999999951e+02
1.331189999999999873e-01,9.454776200000000017e+02
1.343689999999999884e-01,9.274623259999999618e+02
1.356189999999999896e-01,9.020263740000000325e+02
