2.234150000000000025e-02,1.169634555999999975e+03
2.317550000000000165e-02,1.198570829999999887e+03
2.400850000000000206e-02,1.329345242000000098e+03
2.484150000000000247e-02,1.437835164000000077e+03
2.567550000000000388e-02,1.527267900000000054e+03
2.650850000000000428e-02,1.586799764000000096e+03
2.734150000000000469e-02,1.623693665999999894e+03
2.817549999999999916e-02,1.646539933000000019e+03
2.900849999999999956e-02,1.704097035999999889e+03
2.984149999999999997e-02,1.769040893000000096e+03
3.067550000000000138e-02,1.785077833000000055e+03
3.150850000000000178e-02,1.805927339000000075e+03
3.234150000000000219e-02,1.832372652000000016e+03
3.317550000000000360e-02,1.861691270999999915e+03
3.400850000000000400e-02,1.915055366000000049e+03
3.484150000000000441e-02,1.949299218000000110e+03
3.567549999999999888e-02,1.950030852000000095e+03
3.650849999999999929e-02,2.010837152000000060e+03
3.734149999999999969e-02,2.054340345999999954e+03
3.817550000000000110e-02,2.048776357000000189e+03
3.900850000000000151e-02,2.081866908999999850e+03
3.984150000000000191e-02,2.113051316000000043e+03
4.067550000000000332e-02,2.105459933000000092e+03
4.150850000000000373e-02,2.147603081000000202e+03
4.234150000000000413e-02,2.155301371000000017e+03
4.317550000000000554e-02,2.197862626999999975e+03
4.400849999999999901e-02,2.191799203000000034e+03
4.484149999999999942e-02,2.179296264000000065e+03
4.567550000000000082e-02,2.205198078999999780e+03
4.650850000000000123e-02,2.236530142999999953e+03
4.734150000000000164e-02,2.240596563000000060e+03
4.817550000000000304e-02,2.249873391999999967e+03
4.900850000000000345e-02,2.301512392999999975e+03
4.984150000000000386e-02,2.298820843999999852e+03
5.067550000000000526e-02,2.306639119999999821e+03
5.150850000000000567e-02,2.313838720000000194e+03
5.234150000000000608e-02,2.329433730000000196e+03
5.317550000000000748e-02,2.345244404999999915e+03
5.400850000000000789e-02,2.371892077999999856e+03
5.484150000000000830e-02,2.359518480000000181e+03
5.567549999999999583e-02,2.392219920000000002e+03
5.650849999999999623e-02,2.529678116000000045e+03
5.734149999999999664e-02,2.469877927999999883e+03
5.817549999999999805e-02,3.893822616999999809e+03
5.900849999999999845e-02,4.162880852999999661e+03
5.984149999999999886e-02,nan
6.067550000000000027e-02,nan
6.150850000000000067e-02,nan
6.234150000000000108e-02,nan
6.317549999999999555e-02,nan
6.400849999999999596e-02,nan
6.484149999999999636e-02,nan
6.567549999999999777e-02,nan
6.650849999999999818e-02,nan
6.734149999999999858e-02,nan
6.817549999999999999e-02,nan
6.900850000000000040e-02,nan
6.984150000000000080e-02,nan
7.067550000000000221e-02,nan
7.150850000000000262e-02,nan
7.234150000000000302e-02,nan
7.317550000000000443e-02,2.929748301999999967e+03
7.400850000000000484e-02,3.174894750999999815e+03
7.484150000000000524e-02,2.178903221000000030e+03
7.567550000000000665e-02,2.223486401000000114e+03
7.650850000000000706e-02,2.252955011999999897e+03
7.734150000000000746e-02,2.262860054000000218e+03
7.817550000000000887e-02,2.268128811999999925e+03
7.900850000000000928e-02,2.292678037000000131e+03
7.984150000000000968e-02,2.320137381000000005e+03
8.067550000000001109e-02,2.338250285999999960e+03
8.150850000000001150e-02,2.369241129999999885e+03
8.234150000000001191e-02,2.379360761999999795e+03
8.317550000000001331e-02,2.414762777999999798e+03
8.400850000000001372e-02,2.469517683999999917e+03
8.484150000000000025e-02,2.444466964000000189e+03
8.567550000000000165e-02,2.469968527999999878e+03
8.650850000000000206e-02,2.488387315999999828e+03
8.734149999999998859e-02,2.480698003999999855e+03
8.817549999999999000e-02,2.555108075000000099e+03
8.900849999999999040e-02,2.551791229999999814e+03
8.984149999999999081e-02,2.542289973999999802e+03
9.067549999999999222e-02,2.687100108999999975e+03
9.150849999999999262e-02,2.832342501000000084e+03
9.234149999999999303e-02,3.720482685999999831e+03
9.317549999999999444e-02,3.980354061000000002e+03
9.400849999999999485e-02,4.110565517000000000e+03
9.484149999999999525e-02,nan
9.567549999999999666e-02,nan
9.650849999999999707e-02,nan
9.734149999999999747e-02,nan
9.817549999999999888e-02,nan
9.900849999999999929e-02,nan
9.984149999999999969e-02,nan
1.006755000000000011e-01,nan
1.015085000000000015e-01,nan
1.023415000000000019e-01,nan
1.031754999999999894e-01,nan
1.040084999999999898e-01,nan
1.040084999999999898e-01,nan
1.040084999999999898e-01,nan
1.048414999999999903e-01,3.651230900999999903e+03
1.056754999999999917e-01,3.466909958000000188e+03
1.065084999999999921e-01,3.356256221999999980e+03
1.073414999999999925e-01,3.298499393000000055e+03
1.081754999999999939e-01,3.239325674000000163e+03
1.090084999999999943e-01,3.240725579999999809e+03
1.098414999999999947e-01,3.137525012999999944e+03
1.106754999999999961e-01,3.007163555999999971e+03
1.115084999999999965e-01,2.817369416999999885e+03
1.123414999999999969e-01,2.550217183000000205e+03
1.131754999999999983e-01,2.428888814999999795e+03
1.156755000000000005e-01,2.393887412999999924e+03
1.165085000000000010e-01,2.400665112000000136e+03
1.173415000000000014e-01,2.393424629000000095e+03
1.181755000000000028e-01,2.439092890999999781e+03
1.190085000000000032e-01,2.448282185999999911e+03
1.198415000000000036e-01,2.452133768000000146e+03
1.206755000000000050e-01,2.452084507000000031e+03
1.215085000000000054e-01,2.457060531000000083e+03
1.223415000000000058e-01,2.499422461000000112e+03
1.231755000000000072e-01,2.472760639999999967e+03
1.240085000000000076e-01,2.444647437000000082e+03
1.248415000000000080e-01,2.455216280999999981e+03
1.256754999999999955e-01,2.461064623000000211e+03
1.265084999999999682e-01,2.477567288000000190e+03
1.273414999999999964e-01,2.461216366999999991e+03
1.281754999999999978e-01,2.479001866999999947e+03
1.290084999999999704e-01,2.479857810999999856e+03
1.298414999999999986e-01,2.456527818999999909e+03
1.306755000000000000e-01,2.435956572000000051e+03
1.315084999999999726e-01,2.429015683000000081e+03
1.323415000000000008e-01,2.395769491000000016e+03
1.331755000000000022e-01,2.360645958000000064e+03
1.340084999999999749e-01,2.350408437999999933e+03
1.348415000000000030e-01,2.327584670000000187e+03
1.356755000000000044e-01,2.319444136999999955e+03
1.365084999999999771e-01,2.230845500999999786e+03
1.373415000000000052e-01,1.938504220000000032e+03
1.376585000000000170e-01,1.109001866999999947e+03
