1.833349999999999563e-02,1.276336301000000049e+03
1.916649999999999604e-02,1.273118334999999888e+03
1.999949999999999645e-02,1.214771134999999958e+03
2.083349999999999091e-02,1.230426875999999993e+03
2.166649999999999132e-02,1.281091752999999926e+03
2.249949999999999173e-02,1.348580427000000100e+03
2.333349999999999314e-02,1.572138509000000113e+03
2.416649999999999354e-02,1.676533048000000008e+03
2.499949999999999395e-02,1.701517765000000054e+03
2.583349999999999536e-02,1.761388599999999997e+03
2.666649999999999576e-02,1.781356346000000030e+03
2.749949999999999617e-02,1.827220686999999998e+03
2.833349999999999758e-02,1.892408584999999903e+03
2.916649999999999104e-02,1.923548549999999977e+03
2.999949999999999145e-02,1.957534865999999965e+03
3.083349999999999286e-02,1.949203170000000000e+03
3.166649999999999326e-02,1.977285219000000097e+03
3.583349999999999730e-02,1.977000000000000000e+03
3.666649999999999771e-02,1.992000000000000000e+03
3.749949999999999117e-02,2.013000000000000000e+03
3.833349999999999258e-02,2.037000000000000000e+03
3.916649999999999299e-02,2.066000000000000000e+03
3.999949999999999339e-02,2.089000000000000000e+03
4.083349999999999480e-02,2.101000000000000000e+03
4.166649999999999521e-02,2.110000000000000000e+03
4.249949999999999561e-02,2.121000000000000000e+03
4.333349999999999702e-02,2.136000000000000000e+03
4.416649999999999743e-02,2.159000000000000000e+03
4.499949999999999783e-02,2.191000000000000000e+03
4.583349999999999230e-02,2.223000000000000000e+03
4.666649999999999271e-02,2.250000000000000000e+03
4.749949999999999312e-02,2.272000000000000000e+03
5.166649999999999715e-02,2.331259681000000000e+03
5.249949999999999756e-02,2.306603502999999819e+03
5.333349999999999896e-02,2.292968660000000000e+03
5.416649999999999937e-02,2.299924493999999868e+03
5.499949999999999978e-02,2.292736657999999807e+03
5.583350000000000118e-02,2.313825702999999976e+03
5.666649999999998771e-02,2.343305087000000185e+03
5.749949999999998812e-02,2.384868824000000131e+03
5.833349999999998953e-02,2.441269608999999946e+03
5.916649999999998993e-02,2.484074865999999929e+03
5.999949999999999034e-02,2.528483584000000064e+03
6.083349999999999175e-02,2.648255555000000186e+03
6.166649999999999215e-02,3.607099150000000009e+03
6.249949999999999256e-02,nan
6.333349999999998703e-02,nan
6.416649999999998744e-02,nan
6.499949999999998784e-02,nan
6.583349999999998925e-02,nan
6.666649999999998966e-02,nan
6.749949999999999006e-02,nan
6.833349999999999147e-02,nan
6.916649999999999188e-02,nan
6.999949999999999228e-02,nan
7.083349999999999369e-02,nan
7.166649999999999410e-02,nan
7.249949999999999450e-02,nan
7.333349999999999591e-02,nan
7.416649999999999632e-02,nan
7.499949999999999672e-02,3.263237685000000056e+03
7.583349999999999813e-02,3.024004907999999887e+03
7.666649999999999854e-02,2.955571141999999782e+03
7.749949999999999894e-02,2.765167781000000105e+03
7.999950000000000117e-02,2.363000000000000000e+03
8.083350000000000257e-02,2.367000000000000000e+03
8.166650000000000298e-02,2.389000000000000000e+03
8.249950000000000339e-02,2.436000000000000000e+03
8.333350000000000479e-02,2.439000000000000000e+03
8.416650000000000520e-02,2.445000000000000000e+03
8.499950000000000561e-02,2.466000000000000000e+03
8.583350000000000701e-02,2.479000000000000000e+03
8.666650000000000742e-02,2.502000000000000000e+03
8.749950000000000783e-02,2.523000000000000000e+03
8.833349999999998148e-02,2.542000000000000000e+03
8.916649999999998188e-02,2.545000000000000000e+03
8.999949999999998229e-02,2.549000000000000000e+03
9.083349999999998370e-02,2.547000000000000000e+03
9.166649999999998411e-02,2.553000000000000000e+03
9.249949999999998451e-02,2.563000000000000000e+03
9.333349999999998592e-02,2.575000000000000000e+03
9.416649999999998633e-02,2.595000000000000000e+03
9.666649999999998855e-02,2.674587184999999863e+03
9.749949999999998895e-02,2.972574074999999993e+03
9.833349999999999036e-02,3.285208227000000079e+03
9.916649999999999077e-02,3.582040688999999929e+03
9.999949999999999117e-02,3.659956818000000112e+03
1.008334999999999926e-01,3.506989065000000210e+03
1.016664999999999930e-01,nan
1.024994999999999934e-01,nan
1.033334999999999948e-01,nan
1.041664999999999952e-01,nan
1.049994999999999956e-01,nan
1.058334999999999970e-01,nan
1.066664999999999974e-01,nan
1.074994999999999978e-01,nan
1.083334999999999992e-01,nan
1.083334999999999992e-01,nan
1.083334999999999992e-01,nan
1.091664999999999996e-01,4.133690735000000132e+03
1.099995000000000001e-01,3.941363983000000189e+03
1.108335000000000015e-01,3.753307914999999866e+03
1.116664999999999741e-01,3.511253517999999985e+03
1.124994999999999745e-01,2.636946385000000191e+03
1.133334999999999759e-01,2.549694485999999870e+03
1.141664999999999763e-01,2.489753419000000122e+03
1.149994999999999767e-01,2.446949274999999943e+03
1.158334999999999781e-01,2.453649058999999852e+03
1.166664999999999786e-01,2.457711392000000160e+03
1.174994999999999790e-01,2.455785843999999997e+03
1.183334999999999804e-01,2.457979659999999967e+03
1.191664999999999808e-01,2.461652345999999852e+03
1.199994999999999812e-01,2.472424286999999822e+03
1.208334999999999826e-01,2.477554290000000037e+03
1.216664999999999830e-01,2.475569436000000223e+03
1.224994999999999834e-01,2.475267925999999989e+03
1.233334999999999848e-01,2.476890926000000036e+03
1.241664999999999852e-01,2.468349150999999893e+03
1.249994999999999856e-01,2.459723450999999841e+03
1.258334999999999870e-01,2.441683626000000004e+03
1.266664999999999874e-01,2.402245034999999916e+03
1.274994999999999878e-01,2.372853778000000148e+03
1.283334999999999892e-01,2.338021631000000070e+03
1.291664999999999897e-01,2.273539471000000049e+03
1.299994999999999901e-01,2.248457676999999876e+03
1.308334999999999915e-01,2.184937265999999909e+03
1.316664999999999919e-01,2.083156041000000187e+03
1.324994999999999923e-01,2.000722702000000027e+03
1.333334999999999937e-01,1.902681689000000006e+03
1.341664999999999941e-01,1.811270899999999983e+03
1.349994999999999945e-01,1.736503654000000097e+03
1.358334999999999959e-01,1.607661141000000043e+03
1.366664999999999963e-01,1.578821815999999899e+03
1.374994999999999967e-01,1.380278604999999970e+03
1.383334999999999981e-01,1.345059076000000005e+03
1.391664999999999985e-01,1.270172645000000102e+03
1.399994999999999989e-01,1.115659251000000040e+03
1.408335000000000004e-01,1.048228166999999985e+03
1.416665000000000008e-01,1.082669505999999956e+03
