2.291700000000000681e-02,1.013000000000000000e+03
2.375000000000000722e-02,1.138000000000000000e+03
2.458400000000000862e-02,1.217000000000000000e+03
2.541700000000000903e-02,1.306000000000000000e+03
2.625000000000000944e-02,1.407000000000000000e+03
2.708400000000001084e-02,1.509000000000000000e+03
2.791700000000001125e-02,1.603000000000000000e+03
2.875000000000001166e-02,1.648000000000000000e+03
2.958400000000001306e-02,1.683000000000000000e+03
3.041700000000000653e-02,1.700000000000000000e+03
3.125000000000000694e-02,1.723000000000000000e+03
3.208400000000000835e-02,1.738000000000000000e+03
3.291700000000000875e-02,1.746000000000000000e+03
3.375000000000000916e-02,1.757000000000000000e+03
3.458400000000001057e-02,1.770000000000000000e+03
3.541700000000001097e-02,1.794000000000000000e+03
3.625000000000001138e-02,1.827000000000000000e+03
3.708400000000001279e-02,1.870000000000000000e+03
3.791700000000000625e-02,1.922000000000000000e+03
3.875000000000000666e-02,1.965000000000000000e+03
3.958400000000000807e-02,1.978000000000000000e+03
4.041700000000000847e-02,1.993000000000000000e+03
4.125000000000000888e-02,2.016000000000000000e+03
4.208400000000001029e-02,2.040000000000000000e+03
4.291700000000001070e-02,2.066000000000000000e+03
4.375000000000001110e-02,2.100000000000000000e+03
4.458400000000001251e-02,2.121000000000000000e+03
4.541700000000001292e-02,2.131000000000000000e+03
4.625000000000000638e-02,2.134000000000000000e+03
4.708400000000000779e-02,2.142000000000000000e+03
4.791700000000000820e-02,2.151000000000000000e+03
4.875000000000000860e-02,2.163000000000000000e+03
4.958400000000001001e-02,2.172000000000000000e+03
5.041700000000000348e-02,2.181000000000000000e+03
5.125000000000000389e-02,2.185000000000000000e+03
5.208400000000000529e-02,2.188000000000000000e+03
5.291700000000000570e-02,2.192000000000000000e+03
5.375000000000000611e-02,2.200000000000000000e+03
5.458400000000000751e-02,2.212000000000000000e+03
5.541700000000000792e-02,2.231000000000000000e+03
5.625000000000000833e-02,2.256000000000000000e+03
5.708400000000000973e-02,2.285000000000000000e+03
5.791700000000001014e-02,2.331000000000000000e+03
5.875000000000001055e-02,2.379000000000000000e+03
5.958400000000001195e-02,2.429000000000000000e+03
6.041700000000001236e-02,2.518000000000000000e+03
6.125000000000001277e-02,2.977000000000000000e+03
6.208400000000001417e-02,3.281000000000000000e+03
6.291700000000001458e-02,nan
6.375000000000001499e-02,nan
6.458400000000001639e-02,nan
6.541700000000000292e-02,nan
6.625000000000000333e-02,nan
6.708400000000000474e-02,nan
6.791700000000000514e-02,nan
6.875000000000000555e-02,nan
6.958400000000000696e-02,nan
7.041700000000000736e-02,nan
7.125000000000000777e-02,nan
7.208400000000000918e-02,nan
7.291700000000000959e-02,nan
7.375000000000000999e-02,nan
7.458400000000001140e-02,nan
7.541700000000001181e-02,3.036108917000000019e+03
7.625000000000001221e-02,2.967412057000000004e+03
7.708400000000001362e-02,2.875634007999999994e+03
7.791700000000001403e-02,2.726224450000000161e+03
7.875000000000001443e-02,2.278092806999999993e+03
7.958400000000001584e-02,2.273483853000000181e+03
8.041700000000001625e-02,2.278967939999999999e+03
8.125000000000000278e-02,2.281068832999999813e+03
8.375000000000000500e-02,2.368037611000000197e+03
8.625000000000000722e-02,2.365464213000000200e+03
8.791700000000000903e-02,2.378841589999999997e+03
8.875000000000000944e-02,2.399638068000000203e+03
8.958400000000001084e-02,2.408348555999999917e+03
9.041700000000001125e-02,2.413132731000000149e+03
9.125000000000001166e-02,2.404911947000000055e+03
9.208400000000001306e-02,2.429341414999999870e+03
9.291700000000001347e-02,2.504668827999999849e+03
9.375000000000001388e-02,2.628940458999999919e+03
9.458400000000001528e-02,3.071464844999999968e+03
9.541700000000001569e-02,3.203006966999999804e+03
9.625000000000001610e-02,3.286384563999999955e+03
9.708400000000000363e-02,nan
9.791700000000000403e-02,nan
9.875000000000000444e-02,nan
9.958400000000000585e-02,nan
1.004170000000000063e-01,nan
1.012500000000000067e-01,nan
1.020840000000000081e-01,nan
1.029170000000000085e-01,nan
1.037500000000000089e-01,nan
1.037500000000000089e-01,nan
1.037500000000000089e-01,nan
1.045830000000000093e-01,4.133690735000000132e+03
1.054160000000000097e-01,3.941363983000000189e+03
1.062500000000000111e-01,3.753307914999999866e+03
1.070830000000000115e-01,3.511253517999999985e+03
1.079160000000000119e-01,2.636946385000000191e+03
1.087500000000000133e-01,2.549694485999999870e+03
1.095830000000000137e-01,2.489753419000000122e+03
1.104160000000000141e-01,2.446949274999999943e+03
1.112500000000000155e-01,2.453649058999999852e+03
1.120830000000000159e-01,2.457711392000000160e+03
1.129160000000000025e-01,2.455785843999999997e+03
1.137500000000000039e-01,2.457979659999999967e+03
1.145830000000000043e-01,2.461652345999999852e+03
1.154160000000000047e-01,2.472424286999999822e+03
1.162500000000000061e-01,2.477554290000000037e+03
1.170830000000000065e-01,2.475569436000000223e+03
1.179160000000000069e-01,2.475267925999999989e+03
1.187500000000000083e-01,2.476890926000000036e+03
1.195830000000000087e-01,2.468349150999999893e+03
1.204160000000000091e-01,2.459723450999999841e+03
1.212500000000000105e-01,2.441683626000000004e+03
1.220830000000000110e-01,2.402245034999999916e+03
1.229160000000000114e-01,2.372853778000000148e+03
1.237500000000000128e-01,2.338021631000000070e+03
1.245830000000000132e-01,2.273539471000000049e+03
1.254160000000000275e-01,2.248457676999999876e+03
1.262500000000000289e-01,2.184937265999999909e+03
1.270830000000000015e-01,2.083156041000000187e+03
1.279160000000000297e-01,2.000722702000000027e+03
1.287500000000000311e-01,1.902681689000000006e+03
1.295830000000000037e-01,1.811270899999999983e+03
1.304160000000000319e-01,1.736503654000000097e+03
1.312500000000000333e-01,1.607661141000000043e+03
1.320830000000000060e-01,1.578821815999999899e+03
1.329160000000000341e-01,1.380278604999999970e+03
1.337500000000000355e-01,1.345059076000000005e+03
1.345830000000000082e-01,1.270172645000000102e+03
1.354160000000000363e-01,1.115659251000000040e+03
1.362499999999999822e-01,1.048228166999999985e+03
1.370830000000000104e-01,1.082669505999999956e+03
