2.500050000000000189e-02,1.019000000000000000e+03
2.583350000000000229e-02,1.093000000000000000e+03
2.666650000000000270e-02,1.247000000000000000e+03
2.750049999999999717e-02,1.329000000000000000e+03
2.833349999999999758e-02,1.425000000000000000e+03
2.916649999999999798e-02,1.521000000000000000e+03
3.000049999999999939e-02,1.575000000000000000e+03
3.083349999999999980e-02,1.631000000000000000e+03
3.166650000000000020e-02,1.669000000000000000e+03
3.250050000000000161e-02,1.693000000000000000e+03
3.333350000000000202e-02,1.715000000000000000e+03
3.416650000000000242e-02,1.735000000000000000e+03
3.500049999999999689e-02,1.740000000000000000e+03
3.583349999999999730e-02,1.751000000000000000e+03
3.666649999999999771e-02,1.766000000000000000e+03
3.750049999999999911e-02,1.783000000000000000e+03
3.833349999999999952e-02,1.808000000000000000e+03
3.916649999999999993e-02,1.840000000000000000e+03
4.000050000000000133e-02,1.870000000000000000e+03
4.083350000000000174e-02,1.893000000000000000e+03
4.166650000000000215e-02,1.910000000000000000e+03
4.250049999999999661e-02,1.927000000000000000e+03
4.333349999999999702e-02,1.948000000000000000e+03
4.416649999999999743e-02,1.965000000000000000e+03
4.500049999999999883e-02,1.986000000000000000e+03
4.583349999999999924e-02,2.019000000000000000e+03
4.666649999999999965e-02,2.055000000000000000e+03
4.750050000000000106e-02,2.076000000000000000e+03
4.833350000000000146e-02,2.096000000000000000e+03
4.916650000000000187e-02,2.122000000000000000e+03
5.000050000000000328e-02,2.133000000000000000e+03
5.083350000000000368e-02,2.128000000000000000e+03
5.166650000000000409e-02,2.137000000000000000e+03
5.250050000000000550e-02,2.148000000000000000e+03
5.333350000000000590e-02,2.156000000000000000e+03
5.416650000000000631e-02,2.166000000000000000e+03
5.500049999999999384e-02,2.180000000000000000e+03
5.583349999999999425e-02,2.189000000000000000e+03
5.666649999999999465e-02,2.196000000000000000e+03
5.750049999999999606e-02,2.210000000000000000e+03
5.833349999999999647e-02,2.244000000000000000e+03
5.916649999999999687e-02,2.393000000000000000e+03
6.000049999999999828e-02,2.568000000000000000e+03
6.083349999999999869e-02,2.810000000000000000e+03
6.166649999999999909e-02,3.102000000000000000e+03
6.250050000000000050e-02,nan
6.333350000000000091e-02,nan
6.416650000000000131e-02,nan
6.500050000000000272e-02,nan
6.583350000000000313e-02,nan
6.666650000000000353e-02,nan
6.750050000000000494e-02,nan
6.833350000000000535e-02,nan
6.916650000000000575e-02,nan
7.000049999999999328e-02,nan
7.083349999999999369e-02,nan
7.166649999999999410e-02,nan
7.250049999999999550e-02,nan
7.333349999999999591e-02,nan
7.416649999999999632e-02,nan
7.500049999999999772e-02,nan
7.583349999999999813e-02,nan
7.666649999999999854e-02,2.742686509999999998e+03
7.750049999999999994e-02,2.543329240000000027e+03
7.833350000000000035e-02,2.318256253000000015e+03
7.916650000000000076e-02,2.233928708999999799e+03
8.000050000000000217e-02,2.237661163000000215e+03
8.083350000000000257e-02,2.233059729999999945e+03
8.166650000000000298e-02,2.198048753000000033e+03
8.250050000000000439e-02,2.227169468999999935e+03
8.333350000000000479e-02,2.264430087000000185e+03
8.416650000000000520e-02,2.286593369000000166e+03
8.500049999999999273e-02,2.331106111999999939e+03
8.583349999999999314e-02,2.376307276999999885e+03
8.666649999999999354e-02,2.386746035000000120e+03
8.750049999999999495e-02,2.384915731999999934e+03
8.833350000000000923e-02,2.375511437000000114e+03
8.916650000000000964e-02,2.382473934000000099e+03
9.000050000000001105e-02,2.411263539999999921e+03
9.083350000000001145e-02,2.406452779000000191e+03
9.166650000000001186e-02,2.419116539000000103e+03
9.250050000000001327e-02,2.446666956999999911e+03
9.333350000000001367e-02,2.573153013000000101e+03
9.416650000000001408e-02,2.992395234999999957e+03
9.500050000000001549e-02,nan
9.583350000000001589e-02,nan
9.666650000000001630e-02,nan
9.750050000000001771e-02,nan
9.833350000000001812e-02,nan
9.916650000000001852e-02,nan
1.000005000000000199e-01,nan
1.008335000000000203e-01,nan
1.016664999999999930e-01,nan
1.025004999999999944e-01,nan
1.033334999999999948e-01,nan
1.041664999999999952e-01,nan
1.041664999999999952e-01,nan
1.041664999999999952e-01,nan
1.049994999999999956e-01,3.286979662000000189e+03
1.058324999999999960e-01,1.988687636000000111e+03
1.066664999999999974e-01,1.824417774999999892e+03
1.074994999999999978e-01,1.813685488999999961e+03
1.083324999999999982e-01,1.936100562999999966e+03
1.091664999999999996e-01,2.037242543000000069e+03
1.099995000000000001e-01,2.018030635000000075e+03
1.108325000000000005e-01,1.965038154999999961e+03
1.116665000000000019e-01,1.861061803000000054e+03
1.124995000000000023e-01,1.822220917000000100e+03
1.133325000000000027e-01,1.812320392000000083e+03
1.141665000000000041e-01,1.789000000000000000e+03
1.149995000000000045e-01,1.760000000000000000e+03
1.158325000000000049e-01,1.727000000000000000e+03
1.166665000000000063e-01,1.694000000000000000e+03
1.174995000000000067e-01,1.658000000000000000e+03
1.183325000000000071e-01,1.624000000000000000e+03
1.191665000000000085e-01,1.590000000000000000e+03
1.199995000000000089e-01,1.558000000000000000e+03
1.208325000000000093e-01,1.525000000000000000e+03
1.216665000000000108e-01,1.492000000000000000e+03
1.224995000000000112e-01,1.458000000000000000e+03
1.233325000000000116e-01,1.427000000000000000e+03
1.241665000000000130e-01,1.397000000000000000e+03
1.249995000000000134e-01,1.368000000000000000e+03
1.258324999999999860e-01,1.340000000000000000e+03
1.266664999999999874e-01,1.313000000000000000e+03
1.274994999999999878e-01,1.281000000000000000e+03
1.283324999999999882e-01,1.250000000000000000e+03
1.291664999999999897e-01,1.222000000000000000e+03
1.299994999999999901e-01,1.193000000000000000e+03
1.308324999999999905e-01,1.167000000000000000e+03
1.316664999999999919e-01,1.149000000000000000e+03
1.349994999999999945e-01,1.102900560999999925e+03
