2.229149999999999882e-02,1.343407621999999947e+03
2.354149999999999993e-02,1.437444138999999950e+03
2.479150000000000104e-02,1.484353254999999990e+03
2.604150000000000215e-02,1.547263431000000082e+03
2.729149999999999632e-02,1.645000000000000000e+03
2.854149999999999743e-02,1.713000000000000000e+03
2.979149999999999854e-02,1.768000000000000000e+03
2.938749999999999696e-02,1.807000000000000000e+03
3.022049999999999736e-02,1.833000000000000000e+03
3.105449999999999877e-02,1.849000000000000000e+03
3.188749999999999918e-02,1.861000000000000000e+03
3.272049999999999959e-02,1.872000000000000000e+03
3.355450000000000099e-02,1.886000000000000000e+03
3.438750000000000140e-02,1.903000000000000000e+03
3.522050000000000181e-02,1.923000000000000000e+03
3.605449999999999627e-02,1.944000000000000000e+03
3.688749999999999668e-02,1.970000000000000000e+03
3.772049999999999709e-02,1.998000000000000000e+03
3.855449999999999849e-02,2.029000000000000000e+03
3.938749999999999890e-02,2.059000000000000000e+03
4.022049999999999931e-02,2.087000000000000000e+03
4.105450000000000071e-02,2.110000000000000000e+03
4.188750000000000112e-02,2.131000000000000000e+03
4.272050000000000153e-02,2.149000000000000000e+03
4.355450000000000293e-02,2.167000000000000000e+03
4.438749999999999640e-02,2.185000000000000000e+03
4.522049999999999681e-02,2.203000000000000000e+03
4.605449999999999822e-02,2.218000000000000000e+03
4.688749999999999862e-02,2.230000000000000000e+03
4.772049999999999903e-02,2.237000000000000000e+03
4.855450000000000044e-02,2.242000000000000000e+03
4.938750000000000084e-02,2.246000000000000000e+03
5.022050000000000125e-02,2.249000000000000000e+03
5.105449999999999572e-02,2.254000000000000000e+03
5.188749999999999613e-02,2.260000000000000000e+03
5.272049999999999653e-02,2.266000000000000000e+03
5.355449999999999794e-02,2.271000000000000000e+03
5.438749999999999835e-02,2.276000000000000000e+03
5.522049999999999875e-02,2.279000000000000000e+03
5.605450000000000016e-02,2.283000000000000000e+03
5.688750000000000057e-02,2.291000000000000000e+03
5.772050000000000097e-02,2.308000000000000000e+03
5.855450000000000238e-02,2.347000000000000000e+03
5.938750000000000279e-02,2.415000000000000000e+03
6.022050000000000319e-02,2.517000000000000000e+03
6.105450000000000460e-02,2.655000000000000000e+03
6.188750000000000501e-02,2.865688345000000027e+03
6.272050000000001235e-02,3.052457581000000118e+03
6.355449999999998600e-02,3.220408500999999887e+03
6.438749999999998641e-02,3.414704346999999871e+03
6.522049999999998682e-02,nan
6.605449999999998822e-02,nan
6.688749999999998863e-02,nan
6.772049999999998904e-02,nan
6.855449999999999044e-02,nan
6.938749999999999085e-02,nan
7.022049999999999126e-02,nan
7.105449999999999267e-02,nan
7.188749999999999307e-02,nan
7.272049999999999348e-02,nan
7.355449999999999489e-02,3.291451289999999972e+03
7.438749999999999529e-02,3.148946594000000005e+03
7.522049999999999570e-02,3.031828524999999900e+03
7.605449999999999711e-02,2.864941753999999946e+03
7.688749999999999751e-02,2.877025232999999844e+03
7.772049999999999792e-02,2.615152383000000100e+03
7.855449999999999933e-02,2.324650868000000173e+03
7.938749999999999973e-02,2.333786267999999836e+03
8.022050000000000014e-02,2.387485373999999865e+03
8.105450000000000155e-02,2.366338073999999779e+03
8.188750000000000195e-02,2.376053206999999929e+03
8.272050000000000236e-02,2.399893180999999913e+03
8.355450000000000377e-02,2.412184134999999969e+03
8.438750000000000417e-02,2.440609754999999950e+03
8.522050000000000458e-02,2.464030079000000114e+03
8.605450000000000599e-02,2.479514657000000170e+03
8.688750000000000639e-02,2.511174704000000020e+03
8.772050000000000680e-02,2.489638332999999875e+03
8.855450000000000821e-02,2.469034256999999798e+03
8.938750000000000862e-02,2.476119908000000123e+03
9.022050000000000902e-02,2.496672418000000107e+03
9.105450000000001043e-02,2.506585566000000199e+03
9.188750000000001084e-02,2.528823057000000063e+03
9.272050000000001124e-02,2.556274112000000059e+03
9.355450000000001265e-02,2.612829873000000134e+03
9.438750000000001306e-02,2.822897831000000224e+03
9.522049999999998571e-02,3.273365394999999808e+03
9.605449999999998711e-02,3.437671327000000019e+03
9.688749999999998752e-02,3.701416694000000007e+03
9.772049999999998793e-02,3.669843703000000005e+03
9.855449999999998933e-02,nan
9.938749999999998974e-02,nan
1.002204999999999901e-01,nan
1.010544999999999916e-01,nan
1.018874999999999920e-01,nan
1.027204999999999924e-01,nan
1.035544999999999938e-01,nan
1.035544999999999938e-01,nan
1.035544999999999938e-01,nan
1.043874999999999942e-01,3.574374409000000014e+03
1.052214999999999956e-01,3.429109882000000198e+03
1.060544999999999960e-01,3.115232946999999967e+03
1.068874999999999964e-01,3.032162988999999925e+03
1.077214999999999978e-01,1.896781473000000005e+03
1.085544999999999982e-01,1.869486877000000050e+03
1.093874999999999986e-01,1.905043312000000014e+03
1.102215000000000000e-01,1.950859537000000046e+03
1.110545000000000004e-01,1.997874667000000045e+03
1.118875000000000008e-01,2.087351058000000194e+03
1.127215000000000023e-01,2.194333411999999953e+03
1.135545000000000027e-01,2.208522508000000016e+03
1.143875000000000031e-01,2.205739688999999998e+03
1.152215000000000045e-01,2.272205291000000216e+03
1.160545000000000049e-01,2.292249037000000044e+03
1.168875000000000053e-01,2.298018810000000030e+03
1.177215000000000067e-01,2.295679482000000007e+03
1.185545000000000071e-01,2.292109676999999920e+03
1.193875000000000075e-01,2.312878865000000133e+03
1.202215000000000089e-01,2.308946852999999919e+03
1.210545000000000093e-01,2.300580601000000115e+03
1.218875000000000097e-01,2.287895574000000124e+03
1.227215000000000111e-01,2.279742472999999791e+03
1.235545000000000115e-01,2.259319767999999840e+03
1.243875000000000119e-01,2.246856401000000005e+03
1.252215000000000134e-01,2.119853130999999848e+03
1.260545000000000138e-01,1.967174099999999953e+03
1.268875000000000142e-01,1.881391558000000032e+03
1.277215000000000156e-01,1.849176269000000048e+03
1.285545000000000160e-01,1.822861147000000074e+03
1.289585000000000037e-01,1.685281416000000036e+03
1.302085000000000048e-01,1.546689620000000104e+03
1.314585000000000059e-01,1.455650570000000016e+03
1.327085000000000070e-01,1.416840496999999914e+03
1.339585000000000081e-01,1.347007356999999956e+03
1.352085000000000092e-01,9.763427580000000034e+02
1.364585000000000103e-01,9.540201130000000376e+02
1.377085000000000115e-01,9.726012200000000121e+02
