2.112999999999999601e-02,1.204307180999999900e+03
2.196299999999999641e-02,1.293628275000000031e+03
2.279599999999999682e-02,1.419702172999999902e+03
2.362999999999999823e-02,1.484393577000000050e+03
2.446299999999999863e-02,1.565852343999999903e+03
2.529599999999999904e-02,1.642945247999999992e+03
2.612999999999999351e-02,1.658454619999999977e+03
2.696299999999999392e-02,1.704736660000000029e+03
2.779599999999999432e-02,1.766277507000000014e+03
2.862999999999999573e-02,1.798811541000000034e+03
2.946299999999999614e-02,1.834095499000000018e+03
3.029599999999999654e-02,1.870035513999999921e+03
3.112999999999999795e-02,1.923026096000000052e+03
3.196299999999999836e-02,1.952512760999999955e+03
3.279599999999999876e-02,1.956987971999999900e+03
3.362999999999999323e-02,2.019937500000000000e+03
3.446299999999999364e-02,2.063927576999999928e+03
3.529599999999999405e-02,2.065688990999999987e+03
3.612999999999999545e-02,2.114452529000000141e+03
3.696299999999999586e-02,2.144042465999999877e+03
3.779599999999999627e-02,2.144402373999999782e+03
3.862999999999999767e-02,2.156726929999999811e+03
3.946299999999999808e-02,2.192061255000000074e+03
4.029599999999999849e-02,2.198348867000000155e+03
4.112999999999999989e-02,2.205823480000000018e+03
4.196299999999999336e-02,2.213775372000000061e+03
4.279599999999999377e-02,2.229164827999999943e+03
4.362999999999999517e-02,2.239711940000000141e+03
4.446299999999999558e-02,2.244755310999999892e+03
4.529599999999999599e-02,2.250252626999999848e+03
4.612999999999999740e-02,2.267651696999999785e+03
4.696299999999999780e-02,2.263917575999999826e+03
4.779599999999999127e-02,2.276093840000000000e+03
4.862999999999999268e-02,2.271558789000000161e+03
4.946299999999999308e-02,2.277083908999999949e+03
5.029599999999999349e-02,2.282271401999999853e+03
5.112999999999999490e-02,2.295847607000000153e+03
5.196299999999999530e-02,2.316743767999999818e+03
5.279599999999999571e-02,2.318651969000000008e+03
5.362999999999999712e-02,2.317414689000000180e+03
5.446299999999999752e-02,2.319967509000000064e+03
5.529599999999999793e-02,2.344260510000000068e+03
5.612999999999999934e-02,2.456374813999999787e+03
5.696299999999999975e-02,2.516092023000000154e+03
5.779600000000000015e-02,2.499098625000000084e+03
5.887099999999999278e-02,3.647068300999999792e+03
5.970399999999999319e-02,nan
6.053699999999999359e-02,nan
6.137099999999999500e-02,nan
6.220399999999999541e-02,nan
6.303699999999999581e-02,nan
6.387099999999999722e-02,nan
6.470399999999999763e-02,nan
6.553699999999999803e-02,nan
6.637099999999999944e-02,nan
6.720399999999999985e-02,nan
6.803700000000000025e-02,nan
6.887100000000000166e-02,nan
6.970400000000000207e-02,nan
7.053700000000000248e-02,nan
7.137099999999999000e-02,3.263783342000000175e+03
7.220399999999999041e-02,3.077626158000000032e+03
7.303699999999999082e-02,2.847618454999999813e+03
7.387099999999999222e-02,1.988275767999999971e+03
7.470399999999999263e-02,2.114359055999999782e+03
7.553699999999999304e-02,2.372409607000000051e+03
7.637099999999999445e-02,2.252653619000000162e+03
7.720399999999999485e-02,2.313646667999999863e+03
7.803699999999999526e-02,2.423032432999999855e+03
7.887099999999999667e-02,2.390019295000000056e+03
7.970399999999999707e-02,2.370142123999999967e+03
8.053699999999999748e-02,2.456296705000000202e+03
8.137099999999999889e-02,2.492001407000000199e+03
8.220399999999999929e-02,2.446602363999999852e+03
8.303699999999999970e-02,2.453488546000000042e+03
8.387100000000000111e-02,2.528025782000000163e+03
8.470400000000000151e-02,2.555894415000000208e+03
8.553700000000000192e-02,2.572741336999999930e+03
8.637100000000000333e-02,2.570666553999999905e+03
8.720399999999998986e-02,2.578868410000000040e+03
8.803699999999999026e-02,2.972550519999999779e+03
8.887099999999999167e-02,3.066939647000000150e+03
8.970399999999999208e-02,3.389943439000000126e+03
9.053699999999999248e-02,3.614730031999999937e+03
9.137099999999999389e-02,3.816680338000000120e+03
9.220399999999999430e-02,nan
9.303699999999999470e-02,nan
9.387099999999999611e-02,nan
9.470399999999999652e-02,nan
9.553699999999999692e-02,nan
9.637099999999999833e-02,nan
9.720399999999999874e-02,nan
9.803699999999999914e-02,nan
9.887100000000000055e-02,nan
9.970400000000000096e-02,nan
1.005370000000000014e-01,nan
1.013710000000000028e-01,nan
1.022040000000000032e-01,nan
1.022040000000000032e-01,nan
1.022040000000000032e-01,nan
1.030369999999999897e-01,3.135094797000000199e+03
1.038699999999999901e-01,2.969095056999999997e+03
1.047039999999999915e-01,2.760693729999999960e+03
1.055369999999999919e-01,2.422573279000000184e+03
1.063699999999999923e-01,2.315923628999999892e+03
1.072039999999999937e-01,2.265364856000000145e+03
1.097039999999999960e-01,2.280000000000000000e+03
1.105370000000000102e-01,2.304000000000000000e+03
1.113699999999999829e-01,2.326000000000000000e+03
1.122039999999999843e-01,2.339000000000000000e+03
1.130369999999999847e-01,2.345000000000000000e+03
1.138699999999999851e-01,2.352000000000000000e+03
1.147039999999999865e-01,2.359000000000000000e+03
1.155369999999999869e-01,2.370000000000000000e+03
1.163699999999999873e-01,2.389000000000000000e+03
1.172039999999999887e-01,2.424000000000000000e+03
1.180369999999999892e-01,2.460000000000000000e+03
1.188699999999999896e-01,2.480000000000000000e+03
1.197039999999999910e-01,2.477000000000000000e+03
1.205369999999999914e-01,2.462000000000000000e+03
1.213699999999999918e-01,2.449000000000000000e+03
1.222039999999999932e-01,2.443000000000000000e+03
1.230369999999999936e-01,2.443000000000000000e+03
1.238699999999999940e-01,2.449000000000000000e+03
1.247039999999999954e-01,2.457000000000000000e+03
1.255370000000000097e-01,2.458000000000000000e+03
1.263699999999999823e-01,2.445000000000000000e+03
1.272039999999999837e-01,2.425000000000000000e+03
1.280370000000000119e-01,2.405000000000000000e+03
1.288699999999999846e-01,2.381000000000000000e+03
1.297039999999999860e-01,2.336000000000000000e+03
1.305370000000000141e-01,2.264000000000000000e+03
1.313699999999999868e-01,2.161000000000000000e+03
1.322039999999999882e-01,2.056000000000000000e+03
1.330370000000000164e-01,1.939000000000000000e+03
1.338699999999999890e-01,1.839000000000000000e+03
1.347039999999999904e-01,1.739000000000000000e+03
1.355370000000000186e-01,1.669000000000000000e+03
1.363699999999999912e-01,1.581000000000000000e+03
1.372039999999999926e-01,1.476000000000000000e+03
1.380370000000000208e-01,1.334000000000000000e+03
1.388699999999999934e-01,1.220000000000000000e+03
