2.291649999999999243e-02,1.030173408999999992e+03
2.374949999999999284e-02,1.038055597000000034e+03
2.458349999999998731e-02,1.077171254000000090e+03
2.541649999999998771e-02,1.275850840999999946e+03
2.624949999999998812e-02,1.344893990999999914e+03
2.708349999999998953e-02,1.441885228000000097e+03
2.791649999999998993e-02,1.547834693000000016e+03
2.874949999999999034e-02,1.570605027999999947e+03
2.958349999999999175e-02,1.588132562999999891e+03
3.041649999999999215e-02,1.655519191999999975e+03
3.124949999999999256e-02,1.688637500000000045e+03
3.208349999999998703e-02,1.681551314999999931e+03
3.291649999999998744e-02,1.770918548000000101e+03
3.374949999999998784e-02,1.764381898999999976e+03
3.458349999999998925e-02,1.768289516000000049e+03
3.541649999999998966e-02,1.870962725999999975e+03
3.624949999999999006e-02,1.898202633999999989e+03
3.708349999999999147e-02,1.903138165000000072e+03
3.791649999999999188e-02,1.926451101000000108e+03
3.874949999999999228e-02,1.945420581000000084e+03
3.958349999999998675e-02,1.947782539000000043e+03
4.041649999999998716e-02,1.970007194000000027e+03
4.124949999999998757e-02,2.007962719000000106e+03
4.208349999999998897e-02,2.020125023999999939e+03
4.291649999999998938e-02,2.020152767999999924e+03
4.374949999999998979e-02,2.045792646000000104e+03
4.458349999999999119e-02,2.056146639999999934e+03
4.541649999999999160e-02,2.064922230000000127e+03
4.624949999999999201e-02,2.070223699000000124e+03
4.708349999999999341e-02,2.087266650000000027e+03
4.791649999999998688e-02,2.095996146999999837e+03
4.874949999999998729e-02,2.092341027999999824e+03
4.958349999999998869e-02,2.098275285000000167e+03
5.041649999999998910e-02,2.108833521999999903e+03
5.124949999999998951e-02,2.114520368999999846e+03
5.208349999999998398e-02,2.123707469999999830e+03
5.291649999999998438e-02,2.143871298000000024e+03
5.374949999999998479e-02,2.149617016000000149e+03
5.458349999999998620e-02,2.154969610999999986e+03
5.541649999999998660e-02,2.165159529000000020e+03
5.624949999999998701e-02,2.161064652999999907e+03
5.708349999999998842e-02,2.159413341999999830e+03
5.791649999999998882e-02,2.170496688000000177e+03
5.874949999999998923e-02,2.178804028999999900e+03
5.958349999999999064e-02,2.177769288999999844e+03
6.041649999999999104e-02,2.208816326000000117e+03
6.124949999999999145e-02,2.248656877999999779e+03
6.208349999999999286e-02,2.285738996999999927e+03
6.291649999999998633e-02,2.350824470999999903e+03
6.374949999999998673e-02,2.588042381000000205e+03
6.458349999999998814e-02,3.110485913999999866e+03
6.541649999999998855e-02,nan
6.624949999999998895e-02,nan
6.708349999999999036e-02,nan
6.791649999999999077e-02,nan
6.874949999999999117e-02,nan
6.958349999999999258e-02,nan
7.041649999999999299e-02,nan
7.124949999999999339e-02,nan
7.208349999999999480e-02,nan
7.291649999999999521e-02,nan
7.374949999999999561e-02,nan
7.458349999999999702e-02,nan
7.541649999999999743e-02,nan
7.624949999999999783e-02,3.328083034000000225e+03
7.708349999999999924e-02,2.563107638999999836e+03
7.791649999999999965e-02,2.487273553999999876e+03
7.874950000000000006e-02,2.375405975000000126e+03
7.958350000000000146e-02,2.253686087000000043e+03
8.041650000000000187e-02,2.207923952999999983e+03
8.124950000000000228e-02,2.232944971999999780e+03
8.208350000000000368e-02,2.252085054000000127e+03
8.291649999999997633e-02,2.280867897999999968e+03
8.374949999999997674e-02,2.306852644999999939e+03
8.458349999999997815e-02,2.312247977999999875e+03
8.541649999999997855e-02,2.335180281999999806e+03
8.624949999999999284e-02,2.369424442999999883e+03
8.708349999999999425e-02,2.410430609999999888e+03
8.791649999999999465e-02,2.406202948000000106e+03
8.874949999999999506e-02,2.421811035000000174e+03
8.958349999999999647e-02,2.440766454999999951e+03
9.041649999999999687e-02,2.424400439999999890e+03
9.124949999999999728e-02,2.400133495999999923e+03
9.208349999999999869e-02,2.404549630999999863e+03
9.291649999999999909e-02,2.437914107000000058e+03
9.374949999999999950e-02,2.453969592999999804e+03
9.458350000000000091e-02,2.527156023999999888e+03
9.541650000000000131e-02,2.536066210999999839e+03
9.624950000000000172e-02,2.545183666999999787e+03
9.708350000000000313e-02,2.619018810999999914e+03
9.791650000000000353e-02,2.737363236000000143e+03
9.874950000000000394e-02,3.285298455000000104e+03
9.958349999999999147e-02,nan
1.004164999999999919e-01,nan
1.012494999999999923e-01,nan
1.020834999999999937e-01,nan
1.029164999999999941e-01,nan
1.037494999999999945e-01,nan
1.045834999999999959e-01,nan
1.054164999999999963e-01,nan
1.062494999999999967e-01,nan
1.070834999999999981e-01,nan
1.070834999999999981e-01,nan
1.070834999999999981e-01,nan
1.079164999999999985e-01,3.188894589999999880e+03
1.087504999999999999e-01,2.828243191000000024e+03
1.095835000000000004e-01,2.418006915999999819e+03
1.104165000000000008e-01,2.163842415000000074e+03
1.112505000000000022e-01,2.122531448000000182e+03
1.120835000000000026e-01,2.159254238999999870e+03
1.129165000000000030e-01,2.145670779999999922e+03
1.137504999999999905e-01,2.141749961999999869e+03
1.145834999999999909e-01,2.142131526000000122e+03
1.154164999999999913e-01,2.197582655000000159e+03
1.162504999999999927e-01,2.212479578999999831e+03
1.170834999999999931e-01,2.248912166999999954e+03
1.179164999999999935e-01,2.264141865999999936e+03
1.187504999999999949e-01,2.259844003000000157e+03
1.195834999999999954e-01,2.266534259000000020e+03
1.204164999999999958e-01,2.290541228999999930e+03
1.212504999999999972e-01,2.310003533000000061e+03
1.220834999999999976e-01,2.332739054000000124e+03
1.229164999999999980e-01,2.350438787999999931e+03
1.237504999999999994e-01,2.338540066000000024e+03
1.245834999999999998e-01,2.349523016999999982e+03
1.254164999999999863e-01,2.332487277000000176e+03
1.262504999999999877e-01,2.328730027999999947e+03
1.270835000000000159e-01,2.279885526999999911e+03
1.279164999999999885e-01,2.228084858000000168e+03
1.287504999999999900e-01,2.208882430000000113e+03
1.295835000000000181e-01,2.178894589999999880e+03
1.304164999999999908e-01,2.141800593999999819e+03
1.312504999999999922e-01,2.070633577000000059e+03
1.320835000000000203e-01,1.970286538999999948e+03
1.329164999999999930e-01,1.664941195000000107e+03
1.337504999999999944e-01,1.661257362999999941e+03
1.345835000000000226e-01,1.602984793000000082e+03
1.354164999999999952e-01,1.561819232999999940e+03
1.362504999999999966e-01,1.505202207999999928e+03
1.370835000000000248e-01,1.422831042999999909e+03
