2.547199999999999465e-02,1.147161886000000095e+03
2.630599999999999605e-02,1.258518831999999975e+03
2.713899999999999646e-02,1.345794409999999971e+03
2.797199999999999687e-02,1.482273537999999917e+03
2.880599999999999827e-02,1.571233797999999979e+03
2.963899999999999868e-02,1.614988325999999915e+03
3.047199999999999909e-02,1.689294327000000067e+03
3.130600000000000049e-02,1.722432861000000003e+03
3.213900000000000090e-02,1.775422561000000087e+03
3.297200000000000131e-02,1.815575413999999910e+03
3.380599999999999578e-02,1.879530023999999912e+03
3.463899999999999618e-02,1.914976376999999957e+03
3.547199999999999659e-02,1.978062987000000021e+03
3.630599999999999800e-02,1.990742003999999952e+03
3.713899999999999840e-02,2.018402554999999893e+03
3.797199999999999881e-02,2.037149165999999923e+03
3.880600000000000022e-02,2.051769048999999995e+03
3.963900000000000062e-02,2.087482899999999972e+03
4.047200000000000103e-02,2.128417617000000064e+03
4.130599999999999550e-02,2.127062078999999812e+03
4.213899999999999590e-02,2.141212031999999908e+03
4.297199999999999631e-02,2.213664173000000119e+03
4.380599999999999772e-02,2.220409149000000070e+03
4.463899999999999813e-02,2.237687755999999808e+03
4.547199999999999853e-02,2.263712169999999787e+03
4.630599999999999994e-02,2.261120043999999780e+03
4.713900000000000035e-02,2.257839051999999811e+03
4.797200000000000075e-02,2.282449535000000196e+03
4.880599999999999522e-02,2.272428844000000026e+03
4.963899999999999563e-02,2.296128110999999990e+03
5.047199999999999603e-02,2.286601790000000165e+03
5.130599999999999744e-02,2.282888211999999839e+03
5.213899999999999785e-02,2.307858305000000200e+03
5.297199999999999132e-02,2.325412433999999848e+03
5.380599999999999272e-02,2.334903581999999915e+03
5.463899999999999313e-02,2.318949670999999853e+03
5.547199999999999354e-02,2.318320127999999841e+03
5.630599999999999494e-02,2.323288763000000017e+03
5.713899999999999535e-02,2.323395139000000199e+03
5.797199999999999576e-02,2.343602221999999983e+03
5.880599999999999716e-02,2.375586924000000181e+03
5.963899999999999757e-02,2.365971867000000202e+03
6.047199999999999798e-02,2.356322693000000072e+03
6.130599999999999938e-02,2.380804098999999951e+03
6.213899999999999979e-02,2.392847224000000097e+03
6.297200000000000020e-02,2.419915769000000182e+03
6.380600000000000160e-02,2.465624424999999974e+03
6.463900000000000201e-02,2.514089223999999831e+03
6.547200000000000242e-02,2.583076779999999872e+03
6.630600000000000382e-02,2.645598974999999882e+03
6.713900000000000423e-02,2.476286861999999928e+03
6.797200000000000464e-02,4.256912008999999671e+03
6.880599999999999217e-02,3.886370769000000109e+03
6.963899999999999257e-02,nan
7.047199999999999298e-02,nan
7.130599999999999439e-02,nan
7.213899999999999479e-02,nan
7.297199999999999520e-02,nan
7.380599999999999661e-02,nan
7.463899999999999701e-02,nan
7.547199999999999742e-02,nan
7.630599999999999883e-02,nan
7.713899999999999924e-02,nan
7.797199999999999964e-02,3.485712705999999798e+03
7.880600000000000105e-02,2.720718836999999894e+03
7.963900000000000146e-02,2.761218101999999817e+03
8.047200000000000186e-02,2.923775004000000081e+03
8.130600000000000327e-02,2.576098405000000184e+03
8.213900000000000368e-02,2.517490017999999964e+03
8.297200000000000408e-02,2.488379351999999926e+03
8.380599999999999161e-02,2.469934102000000166e+03
8.463899999999999202e-02,2.466743848999999955e+03
8.547199999999999243e-02,2.481959541000000172e+03
8.630599999999999383e-02,2.507206631000000016e+03
8.713899999999999424e-02,2.509699521000000004e+03
8.797199999999999465e-02,2.515059773999999834e+03
8.880599999999999605e-02,2.543557542000000012e+03
8.963899999999999646e-02,2.546598946999999953e+03
9.047199999999999687e-02,2.554549097999999958e+03
9.130599999999999827e-02,2.563086761999999908e+03
9.213899999999999868e-02,2.596457088999999996e+03
9.297199999999999909e-02,2.615310839000000215e+03
9.380600000000000049e-02,2.619544581000000107e+03
9.463900000000000090e-02,2.600527102000000014e+03
9.547200000000000131e-02,2.590561608999999862e+03
9.630600000000000271e-02,2.582099072999999862e+03
9.713900000000000312e-02,2.592059063000000151e+03
9.797200000000000353e-02,2.615634615999999824e+03
9.880599999999999106e-02,2.634220715999999811e+03
9.963899999999999146e-02,2.671939026000000013e+03
1.004719999999999919e-01,2.734142455000000155e+03
1.013059999999999933e-01,2.890552623999999923e+03
1.021389999999999937e-01,3.180485216000000037e+03
1.029719999999999941e-01,3.227280604999999923e+03
1.038059999999999955e-01,3.326478819999999814e+03
1.046389999999999959e-01,3.618630825000000186e+03
1.054719999999999963e-01,4.419291897000000063e+03
1.063059999999999977e-01,nan
1.071389999999999981e-01,nan
1.079719999999999985e-01,nan
1.088059999999999999e-01,nan
1.096390000000000003e-01,nan
1.104720000000000008e-01,nan
1.104720000000000008e-01,nan
1.104720000000000008e-01,nan
1.115430000000000033e-01,3.604917887999999948e+03
1.126149999999999929e-01,3.542119614000000183e+03
1.136859999999999954e-01,2.021089545999999928e+03
1.147579999999999989e-01,2.067592254000000139e+03
1.158289999999999875e-01,2.220943655999999919e+03
1.169000000000000039e-01,2.206737435000000005e+03
1.179719999999999935e-01,2.228422587000000021e+03
1.190430000000000099e-01,2.329679352999999992e+03
1.201149999999999995e-01,2.365614866999999776e+03
1.211859999999999882e-01,2.347928593999999975e+03
1.222580000000000056e-01,2.345026662000000215e+03
1.233289999999999942e-01,2.359064597999999933e+03
1.244000000000000106e-01,2.344688375000000178e+03
1.254720000000000002e-01,2.335325350000000071e+03
1.265429999999999888e-01,2.295459238999999798e+03
1.276150000000000062e-01,2.220699254000000110e+03
1.286859999999999948e-01,2.097363440000000082e+03
1.297579999999999845e-01,2.029459526999999980e+03
1.307780000000000054e-01,1.944569320000000062e+03
1.320280000000000065e-01,1.724225723999999900e+03
1.332780000000000076e-01,1.539588349999999991e+03
1.345280000000000087e-01,7.460317350000000260e+02
