2.000000000000001082e-02,1.147161886000000095e+03
2.083400000000001223e-02,1.258518831999999975e+03
2.166700000000001264e-02,1.345794409999999971e+03
2.250000000000001305e-02,1.482273537999999917e+03
2.333400000000001445e-02,1.571233797999999979e+03
2.416700000000001486e-02,1.614988325999999915e+03
2.500000000000001527e-02,1.689294327000000067e+03
2.583400000000000973e-02,1.722432861000000003e+03
2.666700000000001014e-02,1.775422561000000087e+03
2.750000000000001055e-02,1.815575413999999910e+03
2.833400000000001195e-02,1.879530023999999912e+03
2.916700000000001236e-02,1.914976376999999957e+03
3.000000000000001277e-02,1.978062987000000021e+03
3.083400000000001417e-02,1.990742003999999952e+03
3.166700000000001458e-02,2.018402554999999893e+03
3.250000000000001499e-02,2.037149165999999923e+03
3.333400000000000946e-02,2.051769048999999995e+03
3.416700000000000986e-02,2.087482899999999972e+03
3.500000000000001027e-02,2.128417617000000064e+03
3.583400000000001168e-02,2.127062078999999812e+03
3.666700000000001208e-02,2.141212031999999908e+03
3.750000000000001249e-02,2.213664173000000119e+03
3.833400000000001390e-02,2.220409149000000070e+03
3.916700000000001430e-02,2.237687755999999808e+03
4.000000000000001471e-02,2.263712169999999787e+03
4.083400000000000918e-02,2.261120043999999780e+03
4.166700000000000959e-02,2.257839051999999811e+03
4.250000000000000999e-02,2.282449535000000196e+03
4.333400000000001140e-02,2.272428844000000026e+03
4.416700000000001181e-02,2.296128110999999990e+03
4.500000000000001221e-02,2.286601790000000165e+03
4.583400000000001362e-02,2.282888211999999839e+03
4.666700000000001403e-02,2.307858305000000200e+03
4.750000000000001443e-02,2.325412433999999848e+03
4.833400000000000890e-02,2.334903581999999915e+03
4.916700000000000931e-02,2.318949670999999853e+03
5.000000000000000971e-02,2.318320127999999841e+03
5.083400000000001112e-02,2.323288763000000017e+03
5.166700000000001153e-02,2.323395139000000199e+03
5.250000000000000500e-02,2.343602221999999983e+03
5.333400000000000640e-02,2.375586924000000181e+03
5.416700000000000681e-02,2.365971867000000202e+03
5.500000000000000722e-02,2.356322693000000072e+03
5.583400000000000862e-02,2.380804098999999951e+03
5.666700000000000903e-02,2.392847224000000097e+03
5.750000000000000944e-02,2.419915769000000182e+03
5.833400000000001084e-02,2.465624424999999974e+03
5.916700000000001125e-02,2.514089223999999831e+03
6.000000000000001166e-02,2.583076779999999872e+03
6.083400000000001306e-02,2.645598974999999882e+03
6.166700000000001347e-02,2.476286861999999928e+03
6.250000000000001388e-02,4.256912008999999671e+03
6.333400000000001528e-02,3.886370769000000109e+03
6.416700000000001569e-02,nan
6.500000000000001610e-02,nan
6.583400000000001751e-02,nan
6.666700000000001791e-02,nan
6.750000000000001832e-02,nan
6.833400000000000585e-02,nan
6.916700000000000625e-02,nan
7.000000000000000666e-02,nan
7.083400000000000807e-02,nan
7.166700000000000847e-02,nan
7.250000000000000888e-02,3.485712705999999798e+03
7.333400000000001029e-02,2.720718836999999894e+03
7.416700000000001070e-02,2.761218101999999817e+03
7.500000000000001110e-02,2.923775004000000081e+03
7.583400000000001251e-02,2.576098405000000184e+03
7.666700000000001292e-02,2.517490017999999964e+03
7.750000000000001332e-02,2.488379351999999926e+03
7.833400000000001473e-02,2.469934102000000166e+03
7.916700000000001514e-02,2.466743848999999955e+03
8.000000000000001554e-02,2.481959541000000172e+03
8.083400000000001695e-02,2.507206631000000016e+03
8.166700000000001736e-02,2.509699521000000004e+03
8.250000000000001776e-02,2.515059773999999834e+03
8.333399999999999141e-02,2.543557542000000012e+03
8.416699999999999182e-02,2.546598946999999953e+03
8.499999999999999223e-02,2.554549097999999958e+03
8.583399999999999364e-02,2.563086761999999908e+03
8.666699999999999404e-02,2.596457088999999996e+03
8.749999999999999445e-02,2.615310839000000215e+03
8.833399999999999586e-02,2.619544581000000107e+03
8.916699999999999626e-02,2.600527102000000014e+03
8.999999999999999667e-02,2.590561608999999862e+03
9.083399999999999808e-02,2.582099072999999862e+03
9.166699999999999848e-02,2.592059063000000151e+03
9.249999999999999889e-02,2.615634615999999824e+03
9.333400000000000030e-02,2.634220715999999811e+03
9.416700000000000070e-02,2.671939026000000013e+03
9.500000000000000111e-02,2.734142455000000155e+03
9.583400000000000252e-02,2.890552623999999923e+03
9.666700000000000292e-02,3.180485216000000037e+03
9.750000000000000333e-02,3.227280604999999923e+03
9.833400000000000474e-02,3.326478819999999814e+03
9.916700000000000514e-02,3.618630825000000186e+03
1.000000000000000056e-01,4.419291897000000063e+03
1.008340000000000070e-01,nan
1.016670000000000074e-01,nan
1.025000000000000078e-01,nan
1.033340000000000092e-01,nan
1.041670000000000096e-01,nan
1.050000000000000100e-01,nan
1.050000000000000100e-01,nan
1.050000000000000100e-01,nan
1.058330000000000104e-01,3.688826284000000214e+03
1.066660000000000108e-01,3.435132665000000088e+03
1.075000000000000122e-01,3.062861969999999928e+03
1.083330000000000126e-01,2.544405917000000045e+03
1.091660000000000130e-01,2.465825830000000224e+03
1.100000000000000144e-01,2.422980147000000215e+03
1.108330000000000148e-01,2.394305714000000080e+03
1.116660000000000152e-01,2.386679192999999941e+03
1.125000000000000167e-01,2.397125461999999970e+03
1.133330000000000171e-01,2.401113033000000087e+03
1.141660000000000175e-01,2.412325264999999945e+03
1.149999999999999911e-01,2.422478535000000193e+03
1.158329999999999915e-01,2.426116966999999931e+03
1.166659999999999919e-01,2.434950151999999889e+03
1.174999999999999933e-01,2.447325221999999940e+03
1.183329999999999937e-01,2.451730171000000155e+03
1.191659999999999942e-01,2.458262721000000056e+03
1.199999999999999956e-01,2.471514211000000159e+03
1.208329999999999960e-01,2.475204301000000214e+03
1.216659999999999964e-01,2.470239048999999795e+03
1.224999999999999978e-01,2.471981810000000223e+03
1.233329999999999982e-01,2.464161676000000170e+03
1.241659999999999986e-01,2.456748934000000190e+03
1.250000000000000000e-01,2.452389387000000170e+03
1.258330000000000004e-01,2.443079751000000215e+03
1.266660000000000008e-01,2.435308159000000160e+03
1.275000000000000022e-01,2.427448272000000088e+03
1.283330000000000026e-01,2.412191556000000219e+03
1.291660000000000030e-01,2.395379295000000184e+03
1.300000000000000044e-01,2.376112556999999924e+03
1.308330000000000048e-01,2.356113793999999871e+03
1.316660000000000053e-01,2.321917320000000018e+03
1.325000000000000067e-01,2.271529112000000168e+03
1.333330000000000071e-01,2.225318835999999919e+03
1.341660000000000075e-01,2.150682474000000184e+03
1.350000000000000089e-01,2.051433668000000125e+03
1.358330000000000093e-01,1.965718029999999999e+03
1.366660000000000097e-01,1.873381053000000065e+03
1.375000000000000111e-01,1.768934160000000020e+03
1.383330000000000115e-01,1.708596011999999973e+03
1.391659999999999842e-01,1.608173557000000073e+03
1.399999999999999856e-01,1.537497931000000108e+03
